xor_enc: 45
xtime_enc: 40
=========
xor_dec: 110
xtime_dec: 155
=========
xor_sum: 155
xtime_sum: 195
mat:
GF([[ 2,  7,  3,  3, 10],
    [10,  2,  7,  3,  3],
    [ 3, 10,  2,  7,  3],
    [ 3,  3, 10,  2,  7],
    [ 7,  3,  3, 10,  2]], order=2^8)
inv:
GF([[253,  59,  51, 170, 152],
    [152, 253,  59,  51, 170],
    [170, 152, 253,  59,  51],
    [ 51, 170, 152, 253,  59],
    [ 59,  51, 170, 152, 253]], order=2^8)
===================================
Comparing to photon_5x5
- beats xtime_enc: 40 vs 52
