xor_enc: 30
xtime_enc: 60
=========
xor_dec: 95
xtime_dec: 145
=========
xor_sum: 125
xtime_sum: 205
mat:
GF([[ 2, 10,  8,  9,  4],
    [ 4,  2, 10,  8,  9],
    [ 9,  4,  2, 10,  8],
    [ 8,  9,  4,  2, 10],
    [10,  8,  9,  4,  2]], order=2^8)
inv:
GF([[243, 180,  81, 241,   6],
    [  6, 243, 180,  81, 241],
    [241,   6, 243, 180,  81],
    [ 81, 241,   6, 243, 180],
    [180,  81, 241,   6, 243]], order=2^8)
===================================
Comparing to photon_5x5
- beats xor_enc: 30 vs 44
