xor_enc: 45
xtime_enc: 50
=========
xor_dec: 90
xtime_dec: 130
=========
xor_sum: 135
xtime_sum: 180
mat:
GF([[ 2, 10,  6,  5,  7],
    [ 7,  2, 10,  6,  5],
    [ 5,  7,  2, 10,  6],
    [ 6,  5,  7,  2, 10],
    [10,  6,  5,  7,  2]], order=2^8)
inv:
GF([[ 51, 235,  84,  13,  49],
    [ 49,  51, 235,  84,  13],
    [ 13,  49,  51, 235,  84],
    [ 84,  13,  49,  51, 235],
    [235,  84,  13,  49,  51]], order=2^8)
===================================
Comparing to photon_5x5
- beats xtime_enc: 50 vs 52
