xor_enc: 30
xtime_enc: 65
=========
xor_dec: 90
xtime_dec: 135
=========
xor_sum: 120
xtime_sum: 200
mat:
GF([[ 2,  9,  8,  8, 10],
    [10,  2,  9,  8,  8],
    [ 8, 10,  2,  9,  8],
    [ 8,  8, 10,  2,  9],
    [ 9,  8,  8, 10,  2]], order=2^8)
inv:
GF([[ 52,  10,  60, 205, 206],
    [206,  52,  10,  60, 205],
    [205, 206,  52,  10,  60],
    [ 60, 205, 206,  52,  10],
    [ 10,  60, 205, 206,  52]], order=2^8)
===================================
Comparing to photon_5x5
- beats xor_enc: 30 vs 44
