xor_enc: 35
xtime_enc: 60
=========
xor_dec: 90
xtime_dec: 155
=========
xor_sum: 125
xtime_sum: 215
mat:
GF([[ 2,  8,  5,  9, 10],
    [10,  2,  8,  5,  9],
    [ 9, 10,  2,  8,  5],
    [ 5,  9, 10,  2,  8],
    [ 8,  5,  9, 10,  2]], order=2^8)
inv:
GF([[ 35, 163, 177,  52, 181],
    [181,  35, 163, 177,  52],
    [ 52, 181,  35, 163, 177],
    [177,  52, 181,  35, 163],
    [163, 177,  52, 181,  35]], order=2^8)
===================================
Comparing to photon_5x5
- beats xor_enc: 35 vs 44
