xor_enc: 35
xtime_enc: 55
=========
xor_dec: 90
xtime_dec: 160
=========
xor_sum: 125
xtime_sum: 215
mat:
GF([[ 2,  8, 10,  3,  9],
    [ 9,  2,  8, 10,  3],
    [ 3,  9,  2,  8, 10],
    [10,  3,  9,  2,  8],
    [ 8, 10,  3,  9,  2]], order=2^8)
inv:
GF([[108, 109, 146, 240,  74],
    [ 74, 108, 109, 146, 240],
    [240,  74, 108, 109, 146],
    [146, 240,  74, 108, 109],
    [109, 146, 240,  74, 108]], order=2^8)
===================================
Comparing to photon_5x5
- beats xor_enc: 35 vs 44
