xor_enc: 35
xtime_enc: 55
=========
xor_dec: 115
xtime_dec: 155
=========
xor_sum: 150
xtime_sum: 210
mat:
GF([[ 2, 10,  8,  7,  4],
    [ 4,  2, 10,  8,  7],
    [ 7,  4,  2, 10,  8],
    [ 8,  7,  4,  2, 10],
    [10,  8,  7,  4,  2]], order=2^8)
inv:
GF([[ 25,  93, 159, 207, 226],
    [226,  25,  93, 159, 207],
    [207, 226,  25,  93, 159],
    [159, 207, 226,  25,  93],
    [ 93, 159, 207, 226,  25]], order=2^8)
===================================
Comparing to photon_5x5
- beats xor_enc: 35 vs 44
