xor_enc: 50
xtime_enc: 45
=========
xor_dec: 85
xtime_dec: 135
=========
xor_sum: 135
xtime_sum: 180
mat:
GF([[ 1,  7, 10,  7,  6],
    [ 6,  1,  7, 10,  7],
    [ 7,  6,  1,  7, 10],
    [10,  7,  6,  1,  7],
    [ 7, 10,  7,  6,  1]], order=2^8)
inv:
GF([[149, 217,  48,   2, 159],
    [159, 149, 217,  48,   2],
    [  2, 159, 149, 217,  48],
    [ 48,   2, 159, 149, 217],
    [217,  48,   2, 159, 149]], order=2^8)
===================================
Comparing to photon_5x5
- beats xtime_enc: 45 vs 52
