xor_enc: 50
xtime_enc: 50
=========
xor_dec: 90
xtime_dec: 175
=========
xor_sum: 140
xtime_sum: 225
mat:
GF([[ 3,  3,  7,  9, 10],
    [10,  3,  3,  7,  9],
    [ 9, 10,  3,  3,  7],
    [ 7,  9, 10,  3,  3],
    [ 3,  7,  9, 10,  3]], order=2^8)
inv:
GF([[193, 229, 208, 167, 152],
    [152, 193, 229, 208, 167],
    [167, 152, 193, 229, 208],
    [208, 167, 152, 193, 229],
    [229, 208, 167, 152, 193]], order=2^8)
===================================
Comparing to photon_5x5
- beats xtime_enc: 50 vs 52
