xor_enc: 45
xtime_enc: 40
=========
xor_dec: 70
xtime_dec: 150
=========
xor_sum: 115
xtime_sum: 190
mat:
GF([[ 1,  3, 10,  7,  5],
    [ 5,  1,  3, 10,  7],
    [ 7,  5,  1,  3, 10],
    [10,  7,  5,  1,  3],
    [ 3, 10,  7,  5,  1]], order=2^8)
inv:
GF([[144,  76,  75, 162,  28],
    [ 28, 144,  76,  75, 162],
    [162,  28, 144,  76,  75],
    [ 75, 162,  28, 144,  76],
    [ 76,  75, 162,  28, 144]], order=2^8)
===================================
Comparing to photon_5x5
- beats xtime_enc: 40 vs 52
