xor_enc: 45
xtime_enc: 50
=========
xor_dec: 95
xtime_dec: 155
=========
xor_sum: 140
xtime_sum: 205
mat:
GF([[ 1,  8,  7,  7, 10],
    [10,  1,  8,  7,  7],
    [ 7, 10,  1,  8,  7],
    [ 7,  7, 10,  1,  8],
    [ 8,  7,  7, 10,  1]], order=2^8)
inv:
GF([[ 32,  56, 182, 171, 243],
    [243,  32,  56, 182, 171],
    [171, 243,  32,  56, 182],
    [182, 171, 243,  32,  56],
    [ 56, 182, 171, 243,  32]], order=2^8)
===================================
Comparing to photon_5x5
- beats xtime_enc: 50 vs 52
