xor_enc: 30
xtime_enc: 55
=========
xor_dec: 125
xtime_dec: 175
=========
xor_sum: 155
xtime_sum: 230
mat:
GF([[ 1, 10,  6,  8,  8],
    [ 8,  1, 10,  6,  8],
    [ 8,  8,  1, 10,  6],
    [ 6,  8,  8,  1, 10],
    [10,  6,  8,  8,  1]], order=2^8)
inv:
GF([[166, 231, 189, 215, 202],
    [202, 166, 231, 189, 215],
    [215, 202, 166, 231, 189],
    [189, 215, 202, 166, 231],
    [231, 189, 215, 202, 166]], order=2^8)
===================================
Comparing to photon_5x5
- beats xor_enc: 30 vs 44
