xor_enc: 50
xtime_enc: 45
=========
xor_dec: 105
xtime_dec: 140
=========
xor_sum: 155
xtime_sum: 185
mat:
GF([[ 1,  7,  6, 10,  7],
    [ 7,  1,  7,  6, 10],
    [10,  7,  1,  7,  6],
    [ 6, 10,  7,  1,  7],
    [ 7,  6, 10,  7,  1]], order=2^8)
inv:
GF([[ 76, 185,  12, 127, 103],
    [103,  76, 185,  12, 127],
    [127, 103,  76, 185,  12],
    [ 12, 127, 103,  76, 185],
    [185,  12, 127, 103,  76]], order=2^8)
===================================
Comparing to photon_5x5
- beats xtime_enc: 45 vs 52
