xor_enc: 40
xtime_enc: 55
=========
xor_dec: 95
xtime_dec: 130
=========
xor_sum: 135
xtime_sum: 185
mat:
GF([[ 1,  7,  9,  8, 10],
    [10,  1,  7,  9,  8],
    [ 8, 10,  1,  7,  9],
    [ 9,  8, 10,  1,  7],
    [ 7,  9,  8, 10,  1]], order=2^8)
inv:
GF([[ 34,  62,  54, 222,  21],
    [ 21,  34,  62,  54, 222],
    [222,  21,  34,  62,  54],
    [ 54, 222,  21,  34,  62],
    [ 62,  54, 222,  21,  34]], order=2^8)
===================================
Comparing to photon_5x5
- beats xor_enc: 40 vs 44
