xor_enc: 40
xtime_enc: 60
=========
xor_dec: 115
xtime_dec: 160
=========
xor_sum: 155
xtime_sum: 220
mat:
GF([[ 2,  9,  9, 10,  5],
    [ 5,  2,  9,  9, 10],
    [10,  5,  2,  9,  9],
    [ 9, 10,  5,  2,  9],
    [ 9,  9, 10,  5,  2]], order=2^8)
inv:
GF([[ 37, 241, 186, 249, 118],
    [118,  37, 241, 186, 249],
    [249, 118,  37, 241, 186],
    [186, 249, 118,  37, 241],
    [241, 186, 249, 118,  37]], order=2^8)
===================================
Comparing to photon_5x5
- beats xor_enc: 40 vs 44
