xor_enc: 45
xtime_enc: 50
=========
xor_dec: 110
xtime_dec: 170
=========
xor_sum: 155
xtime_sum: 220
mat:
GF([[ 3,  3, 10,  5, 10],
    [10,  3,  3, 10,  5],
    [ 5, 10,  3,  3, 10],
    [10,  5, 10,  3,  3],
    [ 3, 10,  5, 10,  3]], order=2^8)
inv:
GF([[159, 142,  82, 142, 159],
    [159, 159, 142,  82, 142],
    [142, 159, 159, 142,  82],
    [ 82, 142, 159, 159, 142],
    [142,  82, 142, 159, 159]], order=2^8)
===================================
Comparing to photon_5x5
- beats xtime_enc: 50 vs 52
