xor_enc: 40
xtime_enc: 55
=========
xor_dec: 85
xtime_dec: 130
=========
xor_sum: 125
xtime_sum: 185
mat:
GF([[ 3,  3,  8,  9, 10],
    [10,  3,  3,  8,  9],
    [ 9, 10,  3,  3,  8],
    [ 8,  9, 10,  3,  3],
    [ 3,  8,  9, 10,  3]], order=2^8)
inv:
GF([[ 97, 122,   2, 171, 114],
    [114,  97, 122,   2, 171],
    [171, 114,  97, 122,   2],
    [  2, 171, 114,  97, 122],
    [122,   2, 171, 114,  97]], order=2^8)
===================================
Comparing to photon_5x5
- beats xor_enc: 40 vs 44
