xor_enc: 45
xtime_enc: 40
=========
xor_dec: 100
xtime_dec: 160
=========
xor_sum: 145
xtime_sum: 200
mat:
GF([[ 1,  7,  5,  3, 10],
    [10,  1,  7,  5,  3],
    [ 3, 10,  1,  7,  5],
    [ 5,  3, 10,  1,  7],
    [ 7,  5,  3, 10,  1]], order=2^8)
inv:
GF([[203, 126, 186, 102,  64],
    [ 64, 203, 126, 186, 102],
    [102,  64, 203, 126, 186],
    [186, 102,  64, 203, 126],
    [126, 186, 102,  64, 203]], order=2^8)
===================================
Comparing to photon_5x5
- beats xtime_enc: 40 vs 52
