xor_enc: 40
xtime_enc: 55
=========
xor_dec: 70
xtime_dec: 160
=========
xor_sum: 110
xtime_sum: 215
mat:
GF([[ 1,  9,  9, 10,  5],
    [ 5,  1,  9,  9, 10],
    [10,  5,  1,  9,  9],
    [ 9, 10,  5,  1,  9],
    [ 9,  9, 10,  5,  1]], order=2^8)
inv:
GF([[226,  65, 162, 208,  52],
    [ 52, 226,  65, 162, 208],
    [208,  52, 226,  65, 162],
    [162, 208,  52, 226,  65],
    [ 65, 162, 208,  52, 226]], order=2^8)
===================================
Comparing to photon_5x5
- beats xor_enc: 40 vs 44
