xor_enc: 40
xtime_enc: 55
=========
xor_dec: 95
xtime_dec: 150
=========
xor_sum: 135
xtime_sum: 205
mat:
GF([[ 1, 10,  9, 10,  5],
    [ 5,  1, 10,  9, 10],
    [10,  5,  1, 10,  9],
    [ 9, 10,  5,  1, 10],
    [10,  9, 10,  5,  1]], order=2^8)
inv:
GF([[171,  57, 170,  28, 197],
    [197, 171,  57, 170,  28],
    [ 28, 197, 171,  57, 170],
    [170,  28, 197, 171,  57],
    [ 57, 170,  28, 197, 171]], order=2^8)
===================================
Comparing to photon_5x5
- beats xor_enc: 40 vs 44
