xor_enc: 35
xtime_enc: 55
=========
xor_dec: 85
xtime_dec: 160
=========
xor_sum: 120
xtime_sum: 215
mat:
GF([[ 2,  6,  5,  8, 10],
    [10,  2,  6,  5,  8],
    [ 8, 10,  2,  6,  5],
    [ 5,  8, 10,  2,  6],
    [ 6,  5,  8, 10,  2]], order=2^8)
inv:
GF([[ 77, 137, 145, 154,  57],
    [ 57,  77, 137, 145, 154],
    [154,  57,  77, 137, 145],
    [145, 154,  57,  77, 137],
    [137, 145, 154,  57,  77]], order=2^8)
===================================
Comparing to photon_5x5
- beats xor_enc: 35 vs 44
