xor_enc: 35
xtime_enc: 55
=========
xor_dec: 105
xtime_dec: 150
=========
xor_sum: 140
xtime_sum: 205
mat:
GF([[ 2,  8, 10,  5,  6],
    [ 6,  2,  8, 10,  5],
    [ 5,  6,  2,  8, 10],
    [10,  5,  6,  2,  8],
    [ 8, 10,  5,  6,  2]], order=2^8)
inv:
GF([[226, 218,  15, 167, 102],
    [102, 226, 218,  15, 167],
    [167, 102, 226, 218,  15],
    [ 15, 167, 102, 226, 218],
    [218,  15, 167, 102, 226]], order=2^8)
===================================
Comparing to photon_5x5
- beats xor_enc: 35 vs 44
