xor_enc: 30
xtime_enc: 55
=========
xor_dec: 90
xtime_dec: 160
=========
xor_sum: 120
xtime_sum: 215
mat:
GF([[ 3,  4,  4,  8, 10],
    [10,  3,  4,  4,  8],
    [ 8, 10,  3,  4,  4],
    [ 4,  8, 10,  3,  4],
    [ 4,  4,  8, 10,  3]], order=2^8)
inv:
GF([[104, 107, 142, 201,  69],
    [ 69, 104, 107, 142, 201],
    [201,  69, 104, 107, 142],
    [142, 201,  69, 104, 107],
    [107, 142, 201,  69, 104]], order=2^8)
===================================
Comparing to photon_5x5
- beats xor_enc: 30 vs 44
