xor_enc: 30
xtime_enc: 60
=========
xor_dec: 95
xtime_dec: 145
=========
xor_sum: 125
xtime_sum: 205
mat:
GF([[ 2,  8,  4, 10,  9],
    [ 9,  2,  8,  4, 10],
    [10,  9,  2,  8,  4],
    [ 4, 10,  9,  2,  8],
    [ 8,  4, 10,  9,  2]], order=2^8)
inv:
GF([[243,  81,   6, 180, 241],
    [241, 243,  81,   6, 180],
    [180, 241, 243,  81,   6],
    [  6, 180, 241, 243,  81],
    [ 81,   6, 180, 241, 243]], order=2^8)
===================================
Comparing to photon_5x5
- beats xor_enc: 30 vs 44
