xor_enc: 45
xtime_enc: 45
=========
xor_dec: 110
xtime_dec: 155
=========
xor_sum: 155
xtime_sum: 200
mat:
GF([[ 3,  2,  7, 10,  6],
    [ 6,  3,  2,  7, 10],
    [10,  6,  3,  2,  7],
    [ 7, 10,  6,  3,  2],
    [ 2,  7, 10,  6,  3]], order=2^8)
inv:
GF([[ 42,  90, 191, 143, 105],
    [105,  42,  90, 191, 143],
    [143, 105,  42,  90, 191],
    [191, 143, 105,  42,  90],
    [ 90, 191, 143, 105,  42]], order=2^8)
===================================
Comparing to photon_5x5
- beats xtime_enc: 45 vs 52
