xor_enc: 40
xtime_enc: 55
=========
xor_dec: 75
xtime_dec: 120
=========
xor_sum: 115
xtime_sum: 175
mat:
GF([[ 2, 10,  3,  9, 10],
    [10,  2, 10,  3,  9],
    [ 9, 10,  2, 10,  3],
    [ 3,  9, 10,  2, 10],
    [10,  3,  9, 10,  2]], order=2^8)
inv:
GF([[ 34,  11, 122, 177,  10],
    [ 10,  34,  11, 122, 177],
    [177,  10,  34,  11, 122],
    [122, 177,  10,  34,  11],
    [ 11, 122, 177,  10,  34]], order=2^8)
===================================
Comparing to photon_5x5
- beats xor_enc: 40 vs 44
