xor_enc: 45
xtime_enc: 40
=========
xor_dec: 100
xtime_dec: 160
=========
xor_sum: 145
xtime_sum: 200
mat:
GF([[ 3,  1,  6, 10,  7],
    [ 7,  3,  1,  6, 10],
    [10,  7,  3,  1,  6],
    [ 6, 10,  7,  3,  1],
    [ 1,  6, 10,  7,  3]], order=2^8)
inv:
GF([[236, 248, 242,  17, 184],
    [184, 236, 248, 242,  17],
    [ 17, 184, 236, 248, 242],
    [242,  17, 184, 236, 248],
    [248, 242,  17, 184, 236]], order=2^8)
===================================
Comparing to photon_5x5
- beats xtime_enc: 40 vs 52
