xor_enc: 50
xtime_enc: 50
=========
xor_dec: 110
xtime_dec: 160
=========
xor_sum: 160
xtime_sum: 210
mat:
GF([[ 3,  3,  9,  7, 10],
    [10,  3,  3,  9,  7],
    [ 7, 10,  3,  3,  9],
    [ 9,  7, 10,  3,  3],
    [ 3,  9,  7, 10,  3]], order=2^8)
inv:
GF([[ 75, 206, 169, 216,  63],
    [ 63,  75, 206, 169, 216],
    [216,  63,  75, 206, 169],
    [169, 216,  63,  75, 206],
    [206, 169, 216,  63,  75]], order=2^8)
===================================
Comparing to photon_5x5
- beats xtime_enc: 50 vs 52
