xor_enc: 45
xtime_enc: 45
=========
xor_dec: 80
xtime_dec: 145
=========
xor_sum: 125
xtime_sum: 190
mat:
GF([[ 2, 10,  2,  7,  7],
    [ 7,  2, 10,  2,  7],
    [ 7,  7,  2, 10,  2],
    [ 2,  7,  7,  2, 10],
    [10,  2,  7,  7,  2]], order=2^8)
inv:
GF([[ 47, 132, 132,  47,  41],
    [ 41,  47, 132, 132,  47],
    [ 47,  41,  47, 132, 132],
    [132,  47,  41,  47, 132],
    [132, 132,  47,  41,  47]], order=2^8)
===================================
Comparing to photon_5x5
- beats xtime_enc: 45 vs 52
