xor_enc: 40
xtime_enc: 60
=========
xor_dec: 85
xtime_dec: 160
=========
xor_sum: 125
xtime_sum: 220
mat:
GF([[ 2, 10,  6, 10,  9],
    [ 9,  2, 10,  6, 10],
    [10,  9,  2, 10,  6],
    [ 6, 10,  9,  2, 10],
    [10,  6, 10,  9,  2]], order=2^8)
inv:
GF([[230, 166,  48,  69, 212],
    [212, 230, 166,  48,  69],
    [ 69, 212, 230, 166,  48],
    [ 48,  69, 212, 230, 166],
    [166,  48,  69, 212, 230]], order=2^8)
===================================
Comparing to photon_5x5
- beats xor_enc: 40 vs 44
