xor_enc: 35
xtime_enc: 55
=========
xor_dec: 90
xtime_dec: 165
=========
xor_sum: 125
xtime_sum: 220
mat:
GF([[ 1, 10,  8,  6, 10],
    [10,  1, 10,  8,  6],
    [ 6, 10,  1, 10,  8],
    [ 8,  6, 10,  1, 10],
    [10,  8,  6, 10,  1]], order=2^8)
inv:
GF([[ 82, 190, 129, 120, 210],
    [210,  82, 190, 129, 120],
    [120, 210,  82, 190, 129],
    [129, 120, 210,  82, 190],
    [190, 129, 120, 210,  82]], order=2^8)
===================================
Comparing to photon_5x5
- beats xor_enc: 35 vs 44
