xor_enc: 35
xtime_enc: 60
=========
xor_dec: 100
xtime_dec: 160
=========
xor_sum: 135
xtime_sum: 220
mat:
GF([[ 2,  9, 10,  8,  5],
    [ 5,  2,  9, 10,  8],
    [ 8,  5,  2,  9, 10],
    [10,  8,  5,  2,  9],
    [ 9, 10,  8,  5,  2]], order=2^8)
inv:
GF([[176, 176, 109, 251,  38],
    [ 38, 176, 176, 109, 251],
    [251,  38, 176, 176, 109],
    [109, 251,  38, 176, 176],
    [176, 109, 251,  38, 176]], order=2^8)
===================================
Comparing to photon_5x5
- beats xor_enc: 35 vs 44
