xor_enc: 50
xtime_enc: 45
=========
xor_dec: 80
xtime_dec: 140
=========
xor_sum: 130
xtime_sum: 185
mat:
GF([[ 1,  7,  5,  7, 10],
    [10,  1,  7,  5,  7],
    [ 7, 10,  1,  7,  5],
    [ 5,  7, 10,  1,  7],
    [ 7,  5,  7, 10,  1]], order=2^8)
inv:
GF([[203, 165, 163,  44,   4],
    [  4, 203, 165, 163,  44],
    [ 44,   4, 203, 165, 163],
    [163,  44,   4, 203, 165],
    [165, 163,  44,   4, 203]], order=2^8)
===================================
Comparing to photon_5x5
- beats xtime_enc: 45 vs 52
