xor_enc: 45
xtime_enc: 50
=========
xor_dec: 80
xtime_dec: 145
=========
xor_sum: 125
xtime_sum: 195
mat:
GF([[ 3,  3, 10,  7,  8],
    [ 8,  3,  3, 10,  7],
    [ 7,  8,  3,  3, 10],
    [10,  7,  8,  3,  3],
    [ 3, 10,  7,  8,  3]], order=2^8)
inv:
GF([[220, 129,  79,  74,  10],
    [ 10, 220, 129,  79,  74],
    [ 74,  10, 220, 129,  79],
    [ 79,  74,  10, 220, 129],
    [129,  79,  74,  10, 220]], order=2^8)
===================================
Comparing to photon_5x5
- beats xtime_enc: 50 vs 52
