xor_enc: 45
xtime_enc: 50
=========
xor_dec: 105
xtime_dec: 160
=========
xor_sum: 150
xtime_sum: 210
mat:
GF([[ 1,  9,  6, 10,  7],
    [ 7,  1,  9,  6, 10],
    [10,  7,  1,  9,  6],
    [ 6, 10,  7,  1,  9],
    [ 9,  6, 10,  7,  1]], order=2^8)
inv:
GF([[186, 162, 167, 117,  60],
    [ 60, 186, 162, 167, 117],
    [117,  60, 186, 162, 167],
    [167, 117,  60, 186, 162],
    [162, 167, 117,  60, 186]], order=2^8)
===================================
Comparing to photon_5x5
- beats xtime_enc: 50 vs 52
