xor_enc: 40
xtime_enc: 55
=========
xor_dec: 105
xtime_dec: 165
=========
xor_sum: 145
xtime_sum: 220
mat:
GF([[ 3,  2,  9,  9, 10],
    [10,  3,  2,  9,  9],
    [ 9, 10,  3,  2,  9],
    [ 9,  9, 10,  3,  2],
    [ 2,  9,  9, 10,  3]], order=2^8)
inv:
GF([[229, 126, 171, 148, 100],
    [100, 229, 126, 171, 148],
    [148, 100, 229, 126, 171],
    [171, 148, 100, 229, 126],
    [126, 171, 148, 100, 229]], order=2^8)
===================================
Comparing to photon_5x5
- beats xor_enc: 40 vs 44
