xor_enc: 50
xtime_enc: 45
=========
xor_dec: 85
xtime_dec: 175
=========
xor_sum: 135
xtime_sum: 220
mat:
GF([[ 2,  7,  3, 10,  7],
    [ 7,  2,  7,  3, 10],
    [10,  7,  2,  7,  3],
    [ 3, 10,  7,  2,  7],
    [ 7,  3, 10,  7,  2]], order=2^8)
inv:
GF([[172, 136, 192, 183, 147],
    [147, 172, 136, 192, 183],
    [183, 147, 172, 136, 192],
    [192, 183, 147, 172, 136],
    [136, 192, 183, 147, 172]], order=2^8)
===================================
Comparing to photon_5x5
- beats xtime_enc: 45 vs 52
