xor_enc: 40
xtime_enc: 55
=========
xor_dec: 105
xtime_dec: 160
=========
xor_sum: 145
xtime_sum: 215
mat:
GF([[ 2,  7,  8, 10,  5],
    [ 5,  2,  7,  8, 10],
    [10,  5,  2,  7,  8],
    [ 8, 10,  5,  2,  7],
    [ 7,  8, 10,  5,  2]], order=2^8)
inv:
GF([[ 75, 225, 209,  61, 203],
    [203,  75, 225, 209,  61],
    [ 61, 203,  75, 225, 209],
    [209,  61, 203,  75, 225],
    [225, 209,  61, 203,  75]], order=2^8)
===================================
Comparing to photon_5x5
- beats xor_enc: 40 vs 44
