xor_enc: 45
xtime_enc: 40
=========
xor_dec: 70
xtime_dec: 145
=========
xor_sum: 115
xtime_sum: 185
mat:
GF([[ 1,  7, 10,  3,  5],
    [ 5,  1,  7, 10,  3],
    [ 3,  5,  1,  7, 10],
    [10,  3,  5,  1,  7],
    [ 7, 10,  3,  5,  1]], order=2^8)
inv:
GF([[ 10, 161,  85, 134,  81],
    [ 81,  10, 161,  85, 134],
    [134,  81,  10, 161,  85],
    [ 85, 134,  81,  10, 161],
    [161,  85, 134,  81,  10]], order=2^8)
===================================
Comparing to photon_5x5
- beats xtime_enc: 40 vs 52
