xor_enc: 35
xtime_enc: 60
=========
xor_dec: 90
xtime_dec: 150
=========
xor_sum: 125
xtime_sum: 210
mat:
GF([[ 2,  4, 10,  9, 10],
    [10,  2,  4, 10,  9],
    [ 9, 10,  2,  4, 10],
    [10,  9, 10,  2,  4],
    [ 4, 10,  9, 10,  2]], order=2^8)
inv:
GF([[200, 225, 220,  30,  44],
    [ 44, 200, 225, 220,  30],
    [ 30,  44, 200, 225, 220],
    [220,  30,  44, 200, 225],
    [225, 220,  30,  44, 200]], order=2^8)
===================================
Comparing to photon_5x5
- beats xor_enc: 35 vs 44
