xor_enc: 45
xtime_enc: 45
=========
xor_dec: 90
xtime_dec: 165
=========
xor_sum: 135
xtime_sum: 210
mat:
GF([[ 1,  5,  6,  7, 10],
    [10,  1,  5,  6,  7],
    [ 7, 10,  1,  5,  6],
    [ 6,  7, 10,  1,  5],
    [ 5,  6,  7, 10,  1]], order=2^8)
inv:
GF([[105, 227, 161,  77, 161],
    [161, 105, 227, 161,  77],
    [ 77, 161, 105, 227, 161],
    [161,  77, 161, 105, 227],
    [227, 161,  77, 161, 105]], order=2^8)
===================================
Comparing to photon_5x5
- beats xtime_enc: 45 vs 52
