xor_enc: 45
xtime_enc: 50
=========
xor_dec: 120
xtime_dec: 160
=========
xor_sum: 165
xtime_sum: 210
mat:
GF([[ 2, 10,  6,  7,  5],
    [ 5,  2, 10,  6,  7],
    [ 7,  5,  2, 10,  6],
    [ 6,  7,  5,  2, 10],
    [10,  6,  7,  5,  2]], order=2^8)
inv:
GF([[150, 123,  55, 145, 251],
    [251, 150, 123,  55, 145],
    [145, 251, 150, 123,  55],
    [ 55, 145, 251, 150, 123],
    [123,  55, 145, 251, 150]], order=2^8)
===================================
Comparing to photon_5x5
- beats xtime_enc: 50 vs 52
