xor_enc: 50
xtime_enc: 45
=========
xor_dec: 85
xtime_dec: 150
=========
xor_sum: 135
xtime_sum: 195
mat:
GF([[ 2, 10,  7,  3,  7],
    [ 7,  2, 10,  7,  3],
    [ 3,  7,  2, 10,  7],
    [ 7,  3,  7,  2, 10],
    [10,  7,  3,  7,  2]], order=2^8)
inv:
GF([[ 49, 157,  73, 117,  80],
    [ 80,  49, 157,  73, 117],
    [117,  80,  49, 157,  73],
    [ 73, 117,  80,  49, 157],
    [157,  73, 117,  80,  49]], order=2^8)
===================================
Comparing to photon_5x5
- beats xtime_enc: 45 vs 52
