xor_enc: 30
xtime_enc: 55
=========
xor_dec: 80
xtime_dec: 145
=========
xor_sum: 110
xtime_sum: 200
mat:
GF([[ 1,  8, 10,  9,  4],
    [ 4,  1,  8, 10,  9],
    [ 9,  4,  1,  8, 10],
    [10,  9,  4,  1,  8],
    [ 8, 10,  9,  4,  1]], order=2^8)
inv:
GF([[133, 165,   8,  46, 227],
    [227, 133, 165,   8,  46],
    [ 46, 227, 133, 165,   8],
    [  8,  46, 227, 133, 165],
    [165,   8,  46, 227, 133]], order=2^8)
===================================
Comparing to photon_5x5
- beats xor_enc: 30 vs 44
