xor_enc: 45
xtime_enc: 50
=========
xor_dec: 100
xtime_dec: 125
=========
xor_sum: 145
xtime_sum: 175
mat:
GF([[ 2, 10,  3,  7,  9],
    [ 9,  2, 10,  3,  7],
    [ 7,  9,  2, 10,  3],
    [ 3,  7,  9,  2, 10],
    [10,  3,  7,  9,  2]], order=2^8)
inv:
GF([[ 22,  55,  62,  60, 113],
    [113,  22,  55,  62,  60],
    [ 60, 113,  22,  55,  62],
    [ 62,  60, 113,  22,  55],
    [ 55,  62,  60, 113,  22]], order=2^8)
===================================
Comparing to photon_5x5
- beats xtime_enc: 50 vs 52
