xor_enc: 40
xtime_enc: 60
=========
xor_dec: 80
xtime_dec: 140
=========
xor_sum: 120
xtime_sum: 200
mat:
GF([[ 2,  9,  7, 10,  8],
    [ 8,  2,  9,  7, 10],
    [10,  8,  2,  9,  7],
    [ 7, 10,  8,  2,  9],
    [ 9,  7, 10,  8,  2]], order=2^8)
inv:
GF([[144,   2, 204,  71, 252],
    [252, 144,   2, 204,  71],
    [ 71, 252, 144,   2, 204],
    [204,  71, 252, 144,   2],
    [  2, 204,  71, 252, 144]], order=2^8)
===================================
Comparing to photon_5x5
- beats xor_enc: 40 vs 44
