xor_enc: 35
xtime_enc: 55
=========
xor_dec: 80
xtime_dec: 150
=========
xor_sum: 115
xtime_sum: 205
mat:
GF([[ 2, 10, 10,  3,  8],
    [ 8,  2, 10, 10,  3],
    [ 3,  8,  2, 10, 10],
    [10,  3,  8,  2, 10],
    [10, 10,  3,  8,  2]], order=2^8)
inv:
GF([[ 54, 147, 176,  98,  56],
    [ 56,  54, 147, 176,  98],
    [ 98,  56,  54, 147, 176],
    [176,  98,  56,  54, 147],
    [147, 176,  98,  56,  54]], order=2^8)
===================================
Comparing to photon_5x5
- beats xor_enc: 35 vs 44
