xor_enc: 45
xtime_enc: 50
=========
xor_dec: 80
xtime_dec: 145
=========
xor_sum: 125
xtime_sum: 195
mat:
GF([[ 3,  3,  8,  7, 10],
    [10,  3,  3,  8,  7],
    [ 7, 10,  3,  3,  8],
    [ 8,  7, 10,  3,  3],
    [ 3,  8,  7, 10,  3]], order=2^8)
inv:
GF([[ 10,  74,  79, 129, 220],
    [220,  10,  74,  79, 129],
    [129, 220,  10,  74,  79],
    [ 79, 129, 220,  10,  74],
    [ 74,  79, 129, 220,  10]], order=2^8)
===================================
Comparing to photon_5x5
- beats xtime_enc: 50 vs 52
