xor_enc: 25
xtime_enc: 55
=========
xor_dec: 80
xtime_dec: 150
=========
xor_sum: 105
xtime_sum: 205
mat:
GF([[ 1,  8, 10,  4,  8],
    [ 8,  1,  8, 10,  4],
    [ 4,  8,  1,  8, 10],
    [10,  4,  8,  1,  8],
    [ 8, 10,  4,  8,  1]], order=2^8)
inv:
GF([[155, 148,  73, 139,  10],
    [ 10, 155, 148,  73, 139],
    [139,  10, 155, 148,  73],
    [ 73, 139,  10, 155, 148],
    [148,  73, 139,  10, 155]], order=2^8)
===================================
Comparing to photon_5x5
- beats xor_enc: 25 vs 44
