xor_enc: 50
xtime_enc: 45
=========
xor_dec: 85
xtime_dec: 135
=========
xor_sum: 135
xtime_sum: 180
mat:
GF([[ 1,  6,  7, 10,  7],
    [ 7,  1,  6,  7, 10],
    [10,  7,  1,  6,  7],
    [ 7, 10,  7,  1,  6],
    [ 6,  7, 10,  7,  1]], order=2^8)
inv:
GF([[149, 159,   2,  48, 217],
    [217, 149, 159,   2,  48],
    [ 48, 217, 149, 159,   2],
    [  2,  48, 217, 149, 159],
    [159,   2,  48, 217, 149]], order=2^8)
===================================
Comparing to photon_5x5
- beats xtime_enc: 45 vs 52
