xor_enc: 25
xtime_enc: 55
=========
xor_dec: 90
xtime_dec: 160
=========
xor_sum: 115
xtime_sum: 215
mat:
GF([[ 1, 10,  8,  4,  8],
    [ 8,  1, 10,  8,  4],
    [ 4,  8,  1, 10,  8],
    [ 8,  4,  8,  1, 10],
    [10,  8,  4,  8,  1]], order=2^8)
inv:
GF([[154, 216,  32, 202, 111],
    [111, 154, 216,  32, 202],
    [202, 111, 154, 216,  32],
    [ 32, 202, 111, 154, 216],
    [216,  32, 202, 111, 154]], order=2^8)
===================================
Comparing to photon_5x5
- beats xor_enc: 25 vs 44
