xor_enc: 40
xtime_enc: 55
=========
xor_dec: 90
xtime_dec: 165
=========
xor_sum: 130
xtime_sum: 220
mat:
GF([[ 1,  7,  8, 10, 10],
    [10,  1,  7,  8, 10],
    [10, 10,  1,  7,  8],
    [ 8, 10, 10,  1,  7],
    [ 7,  8, 10, 10,  1]], order=2^8)
inv:
GF([[122, 204, 210,  80, 209],
    [209, 122, 204, 210,  80],
    [ 80, 209, 122, 204, 210],
    [210,  80, 209, 122, 204],
    [204, 210,  80, 209, 122]], order=2^8)
===================================
Comparing to photon_5x5
- beats xor_enc: 40 vs 44
