xor_enc: 30
xtime_enc: 60
=========
xor_dec: 125
xtime_dec: 155
=========
xor_sum: 155
xtime_sum: 215
mat:
GF([[ 2,  4, 10,  8,  9],
    [ 9,  2,  4, 10,  8],
    [ 8,  9,  2,  4, 10],
    [10,  8,  9,  2,  4],
    [ 4, 10,  8,  9,  2]], order=2^8)
inv:
GF([[ 33, 211, 215, 255,  59],
    [ 59,  33, 211, 215, 255],
    [255,  59,  33, 211, 215],
    [215, 255,  59,  33, 211],
    [211, 215, 255,  59,  33]], order=2^8)
===================================
Comparing to photon_5x5
- beats xor_enc: 30 vs 44
