xor_enc: 50
xtime_enc: 45
=========
xor_dec: 85
xtime_dec: 150
=========
xor_sum: 135
xtime_sum: 195
mat:
GF([[ 2,  7,  7, 10,  3],
    [ 3,  2,  7,  7, 10],
    [10,  3,  2,  7,  7],
    [ 7, 10,  3,  2,  7],
    [ 7,  7, 10,  3,  2]], order=2^8)
inv:
GF([[ 49,  73,  80, 157, 117],
    [117,  49,  73,  80, 157],
    [157, 117,  49,  73,  80],
    [ 80, 157, 117,  49,  73],
    [ 73,  80, 157, 117,  49]], order=2^8)
===================================
Comparing to photon_5x5
- beats xtime_enc: 45 vs 52
