xor_enc: 35
xtime_enc: 60
=========
xor_dec: 70
xtime_dec: 125
=========
xor_sum: 105
xtime_sum: 185
mat:
GF([[ 2,  9,  4, 10,  9],
    [ 9,  2,  9,  4, 10],
    [10,  9,  2,  9,  4],
    [ 4, 10,  9,  2,  9],
    [ 9,  4, 10,  9,  2]], order=2^8)
inv:
GF([[ 97, 167,   6,  18,  98],
    [ 98,  97, 167,   6,  18],
    [ 18,  98,  97, 167,   6],
    [  6,  18,  98,  97, 167],
    [167,   6,  18,  98,  97]], order=2^8)
===================================
Comparing to photon_5x5
- beats xor_enc: 35 vs 44
