xor_enc: 40
xtime_enc: 60
=========
xor_dec: 85
xtime_dec: 155
=========
xor_sum: 125
xtime_sum: 215
mat:
GF([[ 2, 10, 10,  8,  7],
    [ 7,  2, 10, 10,  8],
    [ 8,  7,  2, 10, 10],
    [10,  8,  7,  2, 10],
    [10, 10,  8,  7,  2]], order=2^8)
inv:
GF([[182,  17, 200, 238,  96],
    [ 96, 182,  17, 200, 238],
    [238,  96, 182,  17, 200],
    [200, 238,  96, 182,  17],
    [ 17, 200, 238,  96, 182]], order=2^8)
===================================
Comparing to photon_5x5
- beats xor_enc: 40 vs 44
