xor_enc: 40
xtime_enc: 60
=========
xor_dec: 115
xtime_dec: 160
=========
xor_sum: 155
xtime_sum: 220
mat:
GF([[ 2,  9,  5,  9, 10],
    [10,  2,  9,  5,  9],
    [ 9, 10,  2,  9,  5],
    [ 5,  9, 10,  2,  9],
    [ 9,  5,  9, 10,  2]], order=2^8)
inv:
GF([[ 37, 186, 118, 241, 249],
    [249,  37, 186, 118, 241],
    [241, 249,  37, 186, 118],
    [118, 241, 249,  37, 186],
    [186, 118, 241, 249,  37]], order=2^8)
===================================
Comparing to photon_5x5
- beats xor_enc: 40 vs 44
