xor_enc: 30
xtime_enc: 55
=========
xor_dec: 95
xtime_dec: 145
=========
xor_sum: 125
xtime_sum: 200
mat:
GF([[ 2,  8,  6, 10,  4],
    [ 4,  2,  8,  6, 10],
    [10,  4,  2,  8,  6],
    [ 6, 10,  4,  2,  8],
    [ 8,  6, 10,  4,  2]], order=2^8)
inv:
GF([[ 83, 227, 235,   4, 210],
    [210,  83, 227, 235,   4],
    [  4, 210,  83, 227, 235],
    [235,   4, 210,  83, 227],
    [227, 235,   4, 210,  83]], order=2^8)
===================================
Comparing to photon_5x5
- beats xor_enc: 30 vs 44
