xor_enc: 35
xtime_enc: 55
=========
xor_dec: 110
xtime_dec: 165
=========
xor_sum: 145
xtime_sum: 220
mat:
GF([[ 1, 10,  8,  8,  7],
    [ 7,  1, 10,  8,  8],
    [ 8,  7,  1, 10,  8],
    [ 8,  8,  7,  1, 10],
    [10,  8,  8,  7,  1]], order=2^8)
inv:
GF([[225, 220,  95, 177,  99],
    [ 99, 225, 220,  95, 177],
    [177,  99, 225, 220,  95],
    [ 95, 177,  99, 225, 220],
    [220,  95, 177,  99, 225]], order=2^8)
===================================
Comparing to photon_5x5
- beats xor_enc: 35 vs 44
