xor_enc: 45
xtime_enc: 45
=========
xor_dec: 100
xtime_dec: 155
=========
xor_sum: 145
xtime_sum: 200
mat:
GF([[ 2,  7,  3, 10,  5],
    [ 5,  2,  7,  3, 10],
    [10,  5,  2,  7,  3],
    [ 3, 10,  5,  2,  7],
    [ 7,  3, 10,  5,  2]], order=2^8)
inv:
GF([[184, 186,   8, 170, 239],
    [239, 184, 186,   8, 170],
    [170, 239, 184, 186,   8],
    [  8, 170, 239, 184, 186],
    [186,   8, 170, 239, 184]], order=2^8)
===================================
Comparing to photon_5x5
- beats xtime_enc: 45 vs 52
