xor_enc: 35
xtime_enc: 55
=========
xor_dec: 100
xtime_dec: 145
=========
xor_sum: 135
xtime_sum: 200
mat:
GF([[ 2, 10,  3,  8, 10],
    [10,  2, 10,  3,  8],
    [ 8, 10,  2, 10,  3],
    [ 3,  8, 10,  2, 10],
    [10,  3,  8, 10,  2]], order=2^8)
inv:
GF([[179,  11, 193,  89, 111],
    [111, 179,  11, 193,  89],
    [ 89, 111, 179,  11, 193],
    [193,  89, 111, 179,  11],
    [ 11, 193,  89, 111, 179]], order=2^8)
===================================
Comparing to photon_5x5
- beats xor_enc: 35 vs 44
