xor_enc: 45
xtime_enc: 45
=========
xor_dec: 90
xtime_dec: 130
=========
xor_sum: 135
xtime_sum: 175
mat:
GF([[ 1,  6,  5, 10,  7],
    [ 7,  1,  6,  5, 10],
    [10,  7,  1,  6,  5],
    [ 5, 10,  7,  1,  6],
    [ 6,  5, 10,  7,  1]], order=2^8)
inv:
GF([[152,   1, 141,  61, 238],
    [238, 152,   1, 141,  61],
    [ 61, 238, 152,   1, 141],
    [141,  61, 238, 152,   1],
    [  1, 141,  61, 238, 152]], order=2^8)
===================================
Comparing to photon_5x5
- beats xtime_enc: 45 vs 52
