xor_enc: 35
xtime_enc: 55
=========
xor_dec: 80
xtime_dec: 150
=========
xor_sum: 115
xtime_sum: 205
mat:
GF([[ 2,  3, 10,  8, 10],
    [10,  2,  3, 10,  8],
    [ 8, 10,  2,  3, 10],
    [10,  8, 10,  2,  3],
    [ 3, 10,  8, 10,  2]], order=2^8)
inv:
GF([[ 54,  98, 147,  56, 176],
    [176,  54,  98, 147,  56],
    [ 56, 176,  54,  98, 147],
    [147,  56, 176,  54,  98],
    [ 98, 147,  56, 176,  54]], order=2^8)
===================================
Comparing to photon_5x5
- beats xor_enc: 35 vs 44
