xor_enc: 45
xtime_enc: 50
=========
xor_dec: 65
xtime_dec: 150
=========
xor_sum: 110
xtime_sum: 200
mat:
GF([[ 2, 10,  3,  7, 10],
    [10,  2, 10,  3,  7],
    [ 7, 10,  2, 10,  3],
    [ 3,  7, 10,  2, 10],
    [10,  3,  7, 10,  2]], order=2^8)
inv:
GF([[179,  64, 145,  57,  32],
    [ 32, 179,  64, 145,  57],
    [ 57,  32, 179,  64, 145],
    [145,  57,  32, 179,  64],
    [ 64, 145,  57,  32, 179]], order=2^8)
===================================
Comparing to photon_5x5
- beats xtime_enc: 50 vs 52
