xor_enc: 45
xtime_enc: 50
=========
xor_dec: 100
xtime_dec: 165
=========
xor_sum: 145
xtime_sum: 215
mat:
GF([[ 2,  5, 10,  5,  7],
    [ 7,  2,  5, 10,  5],
    [ 5,  7,  2,  5, 10],
    [10,  5,  7,  2,  5],
    [ 5, 10,  5,  7,  2]], order=2^8)
inv:
GF([[ 66,  65, 254, 233, 211],
    [211,  66,  65, 254, 233],
    [233, 211,  66,  65, 254],
    [254, 233, 211,  66,  65],
    [ 65, 254, 233, 211,  66]], order=2^8)
===================================
Comparing to photon_5x5
- beats xtime_enc: 50 vs 52
