xor_enc: 50
xtime_enc: 50
=========
xor_dec: 115
xtime_dec: 160
=========
xor_sum: 165
xtime_sum: 210
mat:
GF([[ 1, 10,  9,  7,  7],
    [ 7,  1, 10,  9,  7],
    [ 7,  7,  1, 10,  9],
    [ 9,  7,  7,  1, 10],
    [10,  9,  7,  7,  1]], order=2^8)
inv:
GF([[ 85, 155, 201, 183,  61],
    [ 61,  85, 155, 201, 183],
    [183,  61,  85, 155, 201],
    [201, 183,  61,  85, 155],
    [155, 201, 183,  61,  85]], order=2^8)
===================================
Comparing to photon_5x5
- beats xtime_enc: 50 vs 52
