xor_enc: 50
xtime_enc: 45
=========
xor_dec: 85
xtime_dec: 150
=========
xor_sum: 135
xtime_sum: 195
mat:
GF([[ 2,  7,  3,  7, 10],
    [10,  2,  7,  3,  7],
    [ 7, 10,  2,  7,  3],
    [ 3,  7, 10,  2,  7],
    [ 7,  3,  7, 10,  2]], order=2^8)
inv:
GF([[ 49,  80, 117,  73, 157],
    [157,  49,  80, 117,  73],
    [ 73, 157,  49,  80, 117],
    [117,  73, 157,  49,  80],
    [ 80, 117,  73, 157,  49]], order=2^8)
===================================
Comparing to photon_5x5
- beats xtime_enc: 45 vs 52
