xor_enc: 35
xtime_enc: 55
=========
xor_dec: 100
xtime_dec: 145
=========
xor_sum: 135
xtime_sum: 200
mat:
GF([[ 1,  6,  9, 10,  8],
    [ 8,  1,  6,  9, 10],
    [10,  8,  1,  6,  9],
    [ 9, 10,  8,  1,  6],
    [ 6,  9, 10,  8,  1]], order=2^8)
inv:
GF([[  9, 229,  55, 211, 184],
    [184,   9, 229,  55, 211],
    [211, 184,   9, 229,  55],
    [ 55, 211, 184,   9, 229],
    [229,  55, 211, 184,   9]], order=2^8)
===================================
Comparing to photon_5x5
- beats xor_enc: 35 vs 44
