xor_enc: 30
xtime_enc: 55
=========
xor_dec: 90
xtime_dec: 155
=========
xor_sum: 120
xtime_sum: 210
mat:
GF([[ 2, 10,  8,  4,  5],
    [ 5,  2, 10,  8,  4],
    [ 4,  5,  2, 10,  8],
    [ 8,  4,  5,  2, 10],
    [10,  8,  4,  5,  2]], order=2^8)
inv:
GF([[ 53, 190,  89, 128,  83],
    [ 83,  53, 190,  89, 128],
    [128,  83,  53, 190,  89],
    [ 89, 128,  83,  53, 190],
    [190,  89, 128,  83,  53]], order=2^8)
===================================
Comparing to photon_5x5
- beats xor_enc: 30 vs 44
