xor_enc: 40
xtime_enc: 55
=========
xor_dec: 90
xtime_dec: 145
=========
xor_sum: 130
xtime_sum: 200
mat:
GF([[ 2,  9, 10,  5,  5],
    [ 5,  2,  9, 10,  5],
    [ 5,  5,  2,  9, 10],
    [10,  5,  5,  2,  9],
    [ 9, 10,  5,  5,  2]], order=2^8)
inv:
GF([[ 59,  39,  40, 183, 130],
    [130,  59,  39,  40, 183],
    [183, 130,  59,  39,  40],
    [ 40, 183, 130,  59,  39],
    [ 39,  40, 183, 130,  59]], order=2^8)
===================================
Comparing to photon_5x5
- beats xor_enc: 40 vs 44
