xor_enc: 40
xtime_enc: 55
=========
xor_dec: 105
xtime_dec: 160
=========
xor_sum: 145
xtime_sum: 215
mat:
GF([[ 2, 10,  7,  5,  8],
    [ 8,  2, 10,  7,  5],
    [ 5,  8,  2, 10,  7],
    [ 7,  5,  8,  2, 10],
    [10,  7,  5,  8,  2]], order=2^8)
inv:
GF([[ 75,  61, 225, 203, 209],
    [209,  75,  61, 225, 203],
    [203, 209,  75,  61, 225],
    [225, 203, 209,  75,  61],
    [ 61, 225, 203, 209,  75]], order=2^8)
===================================
Comparing to photon_5x5
- beats xor_enc: 40 vs 44
