xor_enc: 30
xtime_enc: 55
=========
xor_dec: 115
xtime_dec: 165
=========
xor_sum: 145
xtime_sum: 220
mat:
GF([[ 1, 10,  8, 10,  4],
    [ 4,  1, 10,  8, 10],
    [10,  4,  1, 10,  8],
    [ 8, 10,  4,  1, 10],
    [10,  8, 10,  4,  1]], order=2^8)
inv:
GF([[249, 122, 163, 121, 184],
    [184, 249, 122, 163, 121],
    [121, 184, 249, 122, 163],
    [163, 121, 184, 249, 122],
    [122, 163, 121, 184, 249]], order=2^8)
===================================
Comparing to photon_5x5
- beats xor_enc: 30 vs 44
