xor_enc: 45
xtime_enc: 50
=========
xor_dec: 90
xtime_dec: 145
=========
xor_sum: 135
xtime_sum: 195
mat:
GF([[ 2,  5, 10,  6,  7],
    [ 7,  2,  5, 10,  6],
    [ 6,  7,  2,  5, 10],
    [10,  6,  7,  2,  5],
    [ 5, 10,  6,  7,  2]], order=2^8)
inv:
GF([[137,  75, 211,   7, 166],
    [166, 137,  75, 211,   7],
    [  7, 166, 137,  75, 211],
    [211,   7, 166, 137,  75],
    [ 75, 211,   7, 166, 137]], order=2^8)
===================================
Comparing to photon_5x5
- beats xtime_enc: 50 vs 52
