xor_enc: 35
xtime_enc: 60
=========
xor_dec: 70
xtime_dec: 105
=========
xor_sum: 105
xtime_sum: 165
mat:
GF([[ 2,  8, 10,  9,  6],
    [ 6,  2,  8, 10,  9],
    [ 9,  6,  2,  8, 10],
    [10,  9,  6,  2,  8],
    [ 8, 10,  9,  6,  2]], order=2^8)
inv:
GF([[ 28,  24, 108, 174,   1],
    [  1,  28,  24, 108, 174],
    [174,   1,  28,  24, 108],
    [108, 174,   1,  28,  24],
    [ 24, 108, 174,   1,  28]], order=2^8)
===================================
Comparing to photon_5x5
- beats xor_enc: 35 vs 44
