xor_enc: 35
xtime_enc: 60
=========
xor_dec: 110
xtime_dec: 150
=========
xor_sum: 145
xtime_sum: 210
mat:
GF([[ 2,  8,  5, 10,  9],
    [ 9,  2,  8,  5, 10],
    [10,  9,  2,  8,  5],
    [ 5, 10,  9,  2,  8],
    [ 8,  5, 10,  9,  2]], order=2^8)
inv:
GF([[231,  46,  27, 167, 197],
    [197, 231,  46,  27, 167],
    [167, 197, 231,  46,  27],
    [ 27, 167, 197, 231,  46],
    [ 46,  27, 167, 197, 231]], order=2^8)
===================================
Comparing to photon_5x5
- beats xor_enc: 35 vs 44
