xor_enc: 40
xtime_enc: 55
=========
xor_dec: 95
xtime_dec: 130
=========
xor_sum: 135
xtime_sum: 185
mat:
GF([[ 1,  9, 10,  7,  8],
    [ 8,  1,  9, 10,  7],
    [ 7,  8,  1,  9, 10],
    [10,  7,  8,  1,  9],
    [ 9, 10,  7,  8,  1]], order=2^8)
inv:
GF([[ 34,  54,  21,  62, 222],
    [222,  34,  54,  21,  62],
    [ 62, 222,  34,  54,  21],
    [ 21,  62, 222,  34,  54],
    [ 54,  21,  62, 222,  34]], order=2^8)
===================================
Comparing to photon_5x5
- beats xor_enc: 40 vs 44
