xor_enc: 50
xtime_enc: 45
=========
xor_dec: 80
xtime_dec: 140
=========
xor_sum: 130
xtime_sum: 185
mat:
GF([[ 1,  5, 10,  7,  7],
    [ 7,  1,  5, 10,  7],
    [ 7,  7,  1,  5, 10],
    [10,  7,  7,  1,  5],
    [ 5, 10,  7,  7,  1]], order=2^8)
inv:
GF([[203, 163,   4, 165,  44],
    [ 44, 203, 163,   4, 165],
    [165,  44, 203, 163,   4],
    [  4, 165,  44, 203, 163],
    [163,   4, 165,  44, 203]], order=2^8)
===================================
Comparing to photon_5x5
- beats xtime_enc: 45 vs 52
