xor_enc: 40
xtime_enc: 55
=========
xor_dec: 65
xtime_dec: 165
=========
xor_sum: 105
xtime_sum: 220
mat:
GF([[ 2,  5, 10,  9,  6],
    [ 6,  2,  5, 10,  9],
    [ 9,  6,  2,  5, 10],
    [10,  9,  6,  2,  5],
    [ 5, 10,  9,  6,  2]], order=2^8)
inv:
GF([[131,  69,  72, 139, 136],
    [136, 131,  69,  72, 139],
    [139, 136, 131,  69,  72],
    [ 72, 139, 136, 131,  69],
    [ 69,  72, 139, 136, 131]], order=2^8)
===================================
Comparing to photon_5x5
- beats xor_enc: 40 vs 44
