xor_enc: 40
xtime_enc: 60
=========
xor_dec: 115
xtime_dec: 160
=========
xor_sum: 155
xtime_sum: 220
mat:
GF([[ 2,  5, 10,  9,  9],
    [ 9,  2,  5, 10,  9],
    [ 9,  9,  2,  5, 10],
    [10,  9,  9,  2,  5],
    [ 5, 10,  9,  9,  2]], order=2^8)
inv:
GF([[ 37, 118, 249, 186, 241],
    [241,  37, 118, 249, 186],
    [186, 241,  37, 118, 249],
    [249, 186, 241,  37, 118],
    [118, 249, 186, 241,  37]], order=2^8)
===================================
Comparing to photon_5x5
- beats xor_enc: 40 vs 44
