xor_enc: 45
xtime_enc: 45
=========
xor_dec: 85
xtime_dec: 155
=========
xor_sum: 130
xtime_sum: 200
mat:
GF([[ 1,  7,  3, 10,  9],
    [ 9,  1,  7,  3, 10],
    [10,  9,  1,  7,  3],
    [ 3, 10,  9,  1,  7],
    [ 7,  3, 10,  9,  1]], order=2^8)
inv:
GF([[145,  98, 229,  93,  48],
    [ 48, 145,  98, 229,  93],
    [ 93,  48, 145,  98, 229],
    [229,  93,  48, 145,  98],
    [ 98, 229,  93,  48, 145]], order=2^8)
===================================
Comparing to photon_5x5
- beats xtime_enc: 45 vs 52
