xor_enc: 40
xtime_enc: 55
=========
xor_dec: 100
xtime_dec: 175
=========
xor_sum: 140
xtime_sum: 230
mat:
GF([[ 1,  9,  9,  5, 10],
    [10,  1,  9,  9,  5],
    [ 5, 10,  1,  9,  9],
    [ 9,  5, 10,  1,  9],
    [ 9,  9,  5, 10,  1]], order=2^8)
inv:
GF([[207, 152, 244, 204, 138],
    [138, 207, 152, 244, 204],
    [204, 138, 207, 152, 244],
    [244, 204, 138, 207, 152],
    [152, 244, 204, 138, 207]], order=2^8)
===================================
Comparing to photon_5x5
- beats xor_enc: 40 vs 44
