xor_enc: 45
xtime_enc: 40
=========
xor_dec: 60
xtime_dec: 135
=========
xor_sum: 105
xtime_sum: 175
mat:
GF([[ 2,  3,  7,  3, 10],
    [10,  2,  3,  7,  3],
    [ 3, 10,  2,  3,  7],
    [ 7,  3, 10,  2,  3],
    [ 3,  7,  3, 10,  2]], order=2^8)
inv:
GF([[105,   5, 128,  67, 104],
    [104, 105,   5, 128,  67],
    [ 67, 104, 105,   5, 128],
    [128,  67, 104, 105,   5],
    [  5, 128,  67, 104, 105]], order=2^8)
===================================
Comparing to photon_5x5
- beats xtime_enc: 40 vs 52
