xor_enc: 45
xtime_enc: 50
=========
xor_dec: 125
xtime_dec: 165
=========
xor_sum: 170
xtime_sum: 215
mat:
GF([[ 1,  6, 10,  9,  7],
    [ 7,  1,  6, 10,  9],
    [ 9,  7,  1,  6, 10],
    [10,  9,  7,  1,  6],
    [ 6, 10,  9,  7,  1]], order=2^8)
inv:
GF([[233, 123, 167, 157,  94],
    [ 94, 233, 123, 167, 157],
    [157,  94, 233, 123, 167],
    [167, 157,  94, 233, 123],
    [123, 167, 157,  94, 233]], order=2^8)
===================================
Comparing to photon_5x5
- beats xtime_enc: 50 vs 52
