xor_enc: 35
xtime_enc: 60
=========
xor_dec: 110
xtime_dec: 160
=========
xor_sum: 145
xtime_sum: 220
mat:
GF([[ 2, 10,  8, 10,  5],
    [ 5,  2, 10,  8, 10],
    [10,  5,  2, 10,  8],
    [ 8, 10,  5,  2, 10],
    [10,  8, 10,  5,  2]], order=2^8)
inv:
GF([[ 56, 157, 189, 166, 121],
    [121,  56, 157, 189, 166],
    [166, 121,  56, 157, 189],
    [189, 166, 121,  56, 157],
    [157, 189, 166, 121,  56]], order=2^8)
===================================
Comparing to photon_5x5
- beats xor_enc: 35 vs 44
