xor_enc: 50
xtime_enc: 45
=========
xor_dec: 95
xtime_dec: 165
=========
xor_sum: 145
xtime_sum: 210
mat:
GF([[ 3,  3,  7,  6, 10],
    [10,  3,  3,  7,  6],
    [ 6, 10,  3,  3,  7],
    [ 7,  6, 10,  3,  3],
    [ 3,  7,  6, 10,  3]], order=2^8)
inv:
GF([[ 78,  78, 130, 182, 244],
    [244,  78,  78, 130, 182],
    [182, 244,  78,  78, 130],
    [130, 182, 244,  78,  78],
    [ 78, 130, 182, 244,  78]], order=2^8)
===================================
Comparing to photon_5x5
- beats xtime_enc: 45 vs 52
