xor_enc: 45
xtime_enc: 40
=========
xor_dec: 110
xtime_dec: 155
=========
xor_sum: 155
xtime_sum: 195
mat:
GF([[ 1, 10,  7,  6,  3],
    [ 3,  1, 10,  7,  6],
    [ 6,  3,  1, 10,  7],
    [ 7,  6,  3,  1, 10],
    [10,  7,  6,  3,  1]], order=2^8)
inv:
GF([[245, 155,  79,  67,  45],
    [ 45, 245, 155,  79,  67],
    [ 67,  45, 245, 155,  79],
    [ 79,  67,  45, 245, 155],
    [155,  79,  67,  45, 245]], order=2^8)
===================================
Comparing to photon_5x5
- beats xtime_enc: 40 vs 52
