xor_enc: 35
xtime_enc: 60
=========
xor_dec: 100
xtime_dec: 160
=========
xor_sum: 135
xtime_sum: 220
mat:
GF([[ 2, 10,  8,  5,  9],
    [ 9,  2, 10,  8,  5],
    [ 5,  9,  2, 10,  8],
    [ 8,  5,  9,  2, 10],
    [10,  8,  5,  9,  2]], order=2^8)
inv:
GF([[243,  33, 216, 196, 126],
    [126, 243,  33, 216, 196],
    [196, 126, 243,  33, 216],
    [216, 196, 126, 243,  33],
    [ 33, 216, 196, 126, 243]], order=2^8)
===================================
Comparing to photon_5x5
- beats xor_enc: 35 vs 44
