xor_enc: 40
xtime_enc: 55
=========
xor_dec: 75
xtime_dec: 130
=========
xor_sum: 115
xtime_sum: 185
mat:
GF([[ 1, 10,  7,  9,  8],
    [ 8,  1, 10,  7,  9],
    [ 9,  8,  1, 10,  7],
    [ 7,  9,  8,  1, 10],
    [10,  7,  9,  8,  1]], order=2^8)
inv:
GF([[ 38,  36,  61, 200,  22],
    [ 22,  38,  36,  61, 200],
    [200,  22,  38,  36,  61],
    [ 61, 200,  22,  38,  36],
    [ 36,  61, 200,  22,  38]], order=2^8)
===================================
Comparing to photon_5x5
- beats xor_enc: 40 vs 44
