xor_enc: 30
xtime_enc: 55
=========
xor_dec: 75
xtime_dec: 145
=========
xor_sum: 105
xtime_sum: 200
mat:
GF([[ 2, 10, 10,  2,  8],
    [ 8,  2, 10, 10,  2],
    [ 2,  8,  2, 10, 10],
    [10,  2,  8,  2, 10],
    [10, 10,  2,  8,  2]], order=2^8)
inv:
GF([[112, 232, 112,  38,  38],
    [ 38, 112, 232, 112,  38],
    [ 38,  38, 112, 232, 112],
    [112,  38,  38, 112, 232],
    [232, 112,  38,  38, 112]], order=2^8)
===================================
Comparing to photon_5x5
- beats xor_enc: 30 vs 44
