xor_enc: 25
xtime_enc: 55
=========
xor_dec: 100
xtime_dec: 160
=========
xor_sum: 125
xtime_sum: 215
mat:
GF([[ 1, 10,  4,  8,  8],
    [ 8,  1, 10,  4,  8],
    [ 8,  8,  1, 10,  4],
    [ 4,  8,  8,  1, 10],
    [10,  4,  8,  8,  1]], order=2^8)
inv:
GF([[ 41, 189,  82, 143, 142],
    [142,  41, 189,  82, 143],
    [143, 142,  41, 189,  82],
    [ 82, 143, 142,  41, 189],
    [189,  82, 143, 142,  41]], order=2^8)
===================================
Comparing to photon_5x5
- beats xor_enc: 25 vs 44
