xor_enc: 40
xtime_enc: 55
=========
xor_dec: 95
xtime_dec: 135
=========
xor_sum: 135
xtime_sum: 190
mat:
GF([[ 2,  4,  7,  9, 10],
    [10,  2,  4,  7,  9],
    [ 9, 10,  2,  4,  7],
    [ 7,  9, 10,  2,  4],
    [ 4,  7,  9, 10,  2]], order=2^8)
inv:
GF([[ 78, 245, 213,   1, 226],
    [226,  78, 245, 213,   1],
    [  1, 226,  78, 245, 213],
    [213,   1, 226,  78, 245],
    [245, 213,   1, 226,  78]], order=2^8)
===================================
Comparing to photon_5x5
- beats xor_enc: 40 vs 44
