xor_enc: 45
xtime_enc: 50
=========
xor_dec: 105
xtime_dec: 170
=========
xor_sum: 150
xtime_sum: 220
mat:
GF([[ 2,  3,  7, 10, 10],
    [10,  2,  3,  7, 10],
    [10, 10,  2,  3,  7],
    [ 7, 10, 10,  2,  3],
    [ 3,  7, 10, 10,  2]], order=2^8)
inv:
GF([[147, 152, 206, 117, 203],
    [203, 147, 152, 206, 117],
    [117, 203, 147, 152, 206],
    [206, 117, 203, 147, 152],
    [152, 206, 117, 203, 147]], order=2^8)
===================================
Comparing to photon_5x5
- beats xtime_enc: 50 vs 52
