xor_enc: 50
xtime_enc: 45
=========
xor_dec: 100
xtime_dec: 165
=========
xor_sum: 150
xtime_sum: 210
mat:
GF([[ 1, 10,  7,  7,  5],
    [ 5,  1, 10,  7,  7],
    [ 7,  5,  1, 10,  7],
    [ 7,  7,  5,  1, 10],
    [10,  7,  7,  5,  1]], order=2^8)
inv:
GF([[153, 229,  69, 147,  79],
    [ 79, 153, 229,  69, 147],
    [147,  79, 153, 229,  69],
    [ 69, 147,  79, 153, 229],
    [229,  69, 147,  79, 153]], order=2^8)
===================================
Comparing to photon_5x5
- beats xtime_enc: 45 vs 52
