xor_enc: 45
xtime_enc: 45
=========
xor_dec: 110
xtime_dec: 155
=========
xor_sum: 155
xtime_sum: 200
mat:
GF([[ 2,  3,  6, 10,  7],
    [ 7,  2,  3,  6, 10],
    [10,  7,  2,  3,  6],
    [ 6, 10,  7,  2,  3],
    [ 3,  6, 10,  7,  2]], order=2^8)
inv:
GF([[105, 143, 191,  90,  42],
    [ 42, 105, 143, 191,  90],
    [ 90,  42, 105, 143, 191],
    [191,  90,  42, 105, 143],
    [143, 191,  90,  42, 105]], order=2^8)
===================================
Comparing to photon_5x5
- beats xtime_enc: 45 vs 52
