xor_enc: 30
xtime_enc: 65
=========
xor_dec: 105
xtime_dec: 165
=========
xor_sum: 135
xtime_sum: 230
mat:
GF([[ 2, 10,  8,  8, 10],
    [10,  2, 10,  8,  8],
    [ 8, 10,  2, 10,  8],
    [ 8,  8, 10,  2, 10],
    [10,  8,  8, 10,  2]], order=2^8)
inv:
GF([[141,  67, 219, 219,  67],
    [ 67, 141,  67, 219, 219],
    [219,  67, 141,  67, 219],
    [219, 219,  67, 141,  67],
    [ 67, 219, 219,  67, 141]], order=2^8)
===================================
Comparing to photon_5x5
- beats xor_enc: 30 vs 44
