xor_enc: 45
xtime_enc: 45
=========
xor_dec: 100
xtime_dec: 175
=========
xor_sum: 145
xtime_sum: 220
mat:
GF([[ 1, 10,  6,  5,  7],
    [ 7,  1, 10,  6,  5],
    [ 5,  7,  1, 10,  6],
    [ 6,  5,  7,  1, 10],
    [10,  6,  5,  7,  1]], order=2^8)
inv:
GF([[197, 212, 224, 250, 204],
    [204, 197, 212, 224, 250],
    [250, 204, 197, 212, 224],
    [224, 250, 204, 197, 212],
    [212, 224, 250, 204, 197]], order=2^8)
===================================
Comparing to photon_5x5
- beats xtime_enc: 45 vs 52
