xor_enc: 40
xtime_enc: 60
=========
xor_dec: 90
xtime_dec: 150
=========
xor_sum: 130
xtime_sum: 210
mat:
GF([[ 2,  5,  9, 10, 10],
    [10,  2,  5,  9, 10],
    [10, 10,  2,  5,  9],
    [ 9, 10, 10,  2,  5],
    [ 5,  9, 10, 10,  2]], order=2^8)
inv:
GF([[ 85, 160, 106,  37,  95],
    [ 95,  85, 160, 106,  37],
    [ 37,  95,  85, 160, 106],
    [106,  37,  95,  85, 160],
    [160, 106,  37,  95,  85]], order=2^8)
===================================
Comparing to photon_5x5
- beats xor_enc: 40 vs 44
