xor_enc: 40
xtime_enc: 55
=========
xor_dec: 105
xtime_dec: 150
=========
xor_sum: 145
xtime_sum: 205
mat:
GF([[ 2, 10,  9,  4,  7],
    [ 7,  2, 10,  9,  4],
    [ 4,  7,  2, 10,  9],
    [ 9,  4,  7,  2, 10],
    [10,  9,  4,  7,  2]], order=2^8)
inv:
GF([[113, 107, 103, 197,  53],
    [ 53, 113, 107, 103, 197],
    [197,  53, 113, 107, 103],
    [103, 197,  53, 113, 107],
    [107, 103, 197,  53, 113]], order=2^8)
===================================
Comparing to photon_5x5
- beats xor_enc: 40 vs 44
