xor_enc: 45
xtime_enc: 50
=========
xor_dec: 80
xtime_dec: 140
=========
xor_sum: 125
xtime_sum: 190
mat:
GF([[ 2,  9,  3, 10,  7],
    [ 7,  2,  9,  3, 10],
    [10,  7,  2,  9,  3],
    [ 3, 10,  7,  2,  9],
    [ 9,  3, 10,  7,  2]], order=2^8)
inv:
GF([[ 33, 131,  12, 187,  71],
    [ 71,  33, 131,  12, 187],
    [187,  71,  33, 131,  12],
    [ 12, 187,  71,  33, 131],
    [131,  12, 187,  71,  33]], order=2^8)
===================================
Comparing to photon_5x5
- beats xtime_enc: 50 vs 52
