xor_enc: 45
xtime_enc: 45
=========
xor_dec: 90
xtime_dec: 150
=========
xor_sum: 135
xtime_sum: 195
mat:
GF([[ 1,  7,  5, 10,  5],
    [ 5,  1,  7,  5, 10],
    [10,  5,  1,  7,  5],
    [ 5, 10,  5,  1,  7],
    [ 7,  5, 10,  5,  1]], order=2^8)
inv:
GF([[234,  83, 124,  69,  48],
    [ 48, 234,  83, 124,  69],
    [ 69,  48, 234,  83, 124],
    [124,  69,  48, 234,  83],
    [ 83, 124,  69,  48, 234]], order=2^8)
===================================
Comparing to photon_5x5
- beats xtime_enc: 45 vs 52
