xor_enc: 35
xtime_enc: 55
=========
xor_dec: 110
xtime_dec: 155
=========
xor_sum: 145
xtime_sum: 210
mat:
GF([[ 1,  8,  6,  9, 10],
    [10,  1,  8,  6,  9],
    [ 9, 10,  1,  8,  6],
    [ 6,  9, 10,  1,  8],
    [ 8,  6,  9, 10,  1]], order=2^8)
inv:
GF([[232, 186, 191,  75,  22],
    [ 22, 232, 186, 191,  75],
    [ 75,  22, 232, 186, 191],
    [191,  75,  22, 232, 186],
    [186, 191,  75,  22, 232]], order=2^8)
===================================
Comparing to photon_5x5
- beats xor_enc: 35 vs 44
