xor_enc: 45
xtime_enc: 50
=========
xor_dec: 65
xtime_dec: 150
=========
xor_sum: 110
xtime_sum: 200
mat:
GF([[ 2,  7, 10, 10,  3],
    [ 3,  2,  7, 10, 10],
    [10,  3,  2,  7, 10],
    [10, 10,  3,  2,  7],
    [ 7, 10, 10,  3,  2]], order=2^8)
inv:
GF([[179,  57,  64,  32, 145],
    [145, 179,  57,  64,  32],
    [ 32, 145, 179,  57,  64],
    [ 64,  32, 145, 179,  57],
    [ 57,  64,  32, 145, 179]], order=2^8)
===================================
Comparing to photon_5x5
- beats xtime_enc: 50 vs 52
