xor_enc: 45
xtime_enc: 45
=========
xor_dec: 80
xtime_dec: 140
=========
xor_sum: 125
xtime_sum: 185
mat:
GF([[ 2,  3,  5, 10,  7],
    [ 7,  2,  3,  5, 10],
    [10,  7,  2,  3,  5],
    [ 5, 10,  7,  2,  3],
    [ 3,  5, 10,  7,  2]], order=2^8)
inv:
GF([[ 11,  59, 156, 131,  96],
    [ 96,  11,  59, 156, 131],
    [131,  96,  11,  59, 156],
    [156, 131,  96,  11,  59],
    [ 59, 156, 131,  96,  11]], order=2^8)
===================================
Comparing to photon_5x5
- beats xtime_enc: 45 vs 52
