xor_enc: 40
xtime_enc: 55
=========
xor_dec: 85
xtime_dec: 145
=========
xor_sum: 125
xtime_sum: 200
mat:
GF([[ 1,  9,  7, 10,  8],
    [ 8,  1,  9,  7, 10],
    [10,  8,  1,  9,  7],
    [ 7, 10,  8,  1,  9],
    [ 9,  7, 10,  8,  1]], order=2^8)
inv:
GF([[ 21,  27, 148, 146, 233],
    [233,  21,  27, 148, 146],
    [146, 233,  21,  27, 148],
    [148, 146, 233,  21,  27],
    [ 27, 148, 146, 233,  21]], order=2^8)
===================================
Comparing to photon_5x5
- beats xor_enc: 40 vs 44
