xor_enc: 30
xtime_enc: 60
=========
xor_dec: 125
xtime_dec: 160
=========
xor_sum: 155
xtime_sum: 220
mat:
GF([[ 1, 10,  8,  8,  9],
    [ 9,  1, 10,  8,  8],
    [ 8,  9,  1, 10,  8],
    [ 8,  8,  9,  1, 10],
    [10,  8,  8,  9,  1]], order=2^8)
inv:
GF([[119,  38, 231, 214, 237],
    [237, 119,  38, 231, 214],
    [214, 237, 119,  38, 231],
    [231, 214, 237, 119,  38],
    [ 38, 231, 214, 237, 119]], order=2^8)
===================================
Comparing to photon_5x5
- beats xor_enc: 30 vs 44
