xor_enc: 40
xtime_enc: 55
=========
xor_dec: 95
xtime_dec: 135
=========
xor_sum: 135
xtime_sum: 190
mat:
GF([[ 2,  9,  4, 10,  7],
    [ 7,  2,  9,  4, 10],
    [10,  7,  2,  9,  4],
    [ 4, 10,  7,  2,  9],
    [ 9,  4, 10,  7,  2]], order=2^8)
inv:
GF([[ 78,   1, 245, 226, 213],
    [213,  78,   1, 245, 226],
    [226, 213,  78,   1, 245],
    [245, 226, 213,  78,   1],
    [  1, 245, 226, 213,  78]], order=2^8)
===================================
Comparing to photon_5x5
- beats xor_enc: 40 vs 44
