xor_enc: 40
xtime_enc: 55
=========
xor_dec: 85
xtime_dec: 155
=========
xor_sum: 125
xtime_sum: 210
mat:
GF([[ 2, 10,  7,  8,  5],
    [ 5,  2, 10,  7,  8],
    [ 8,  5,  2, 10,  7],
    [ 7,  8,  5,  2, 10],
    [10,  7,  8,  5,  2]], order=2^8)
inv:
GF([[194,  18, 221, 225,  97],
    [ 97, 194,  18, 221, 225],
    [225,  97, 194,  18, 221],
    [221, 225,  97, 194,  18],
    [ 18, 221, 225,  97, 194]], order=2^8)
===================================
Comparing to photon_5x5
- beats xor_enc: 40 vs 44
