xor_enc: 30
xtime_enc: 55
=========
xor_dec: 90
xtime_dec: 155
=========
xor_sum: 120
xtime_sum: 210
mat:
GF([[ 1, 10,  8,  8,  5],
    [ 5,  1, 10,  8,  8],
    [ 8,  5,  1, 10,  8],
    [ 8,  8,  5,  1, 10],
    [10,  8,  8,  5,  1]], order=2^8)
inv:
GF([[ 97, 205,  69, 105, 101],
    [101,  97, 205,  69, 105],
    [105, 101,  97, 205,  69],
    [ 69, 105, 101,  97, 205],
    [205,  69, 105, 101,  97]], order=2^8)
===================================
Comparing to photon_5x5
- beats xor_enc: 30 vs 44
