xor_enc: 40
xtime_enc: 55
=========
xor_dec: 50
xtime_dec: 110
=========
xor_sum: 90
xtime_sum: 165
mat:
GF([[ 1,  9, 10,  5,  9],
    [ 9,  1,  9, 10,  5],
    [ 5,  9,  1,  9, 10],
    [10,  5,  9,  1,  9],
    [ 9, 10,  5,  9,  1]], order=2^8)
inv:
GF([[ 72,  18,   4, 176,  11],
    [ 11,  72,  18,   4, 176],
    [176,  11,  72,  18,   4],
    [  4, 176,  11,  72,  18],
    [ 18,   4, 176,  11,  72]], order=2^8)
===================================
Comparing to photon_5x5
- beats xor_enc: 40 vs 44
