xor_enc: 45
xtime_enc: 50
=========
xor_dec: 80
xtime_dec: 165
=========
xor_sum: 125
xtime_sum: 215
mat:
GF([[ 3,  3,  7, 10,  8],
    [ 8,  3,  3,  7, 10],
    [10,  8,  3,  3,  7],
    [ 7, 10,  8,  3,  3],
    [ 3,  7, 10,  8,  3]], order=2^8)
inv:
GF([[142,  46, 132, 132, 242],
    [242, 142,  46, 132, 132],
    [132, 242, 142,  46, 132],
    [132, 132, 242, 142,  46],
    [ 46, 132, 132, 242, 142]], order=2^8)
===================================
Comparing to photon_5x5
- beats xtime_enc: 50 vs 52
