xor_enc: 50
xtime_enc: 45
=========
xor_dec: 55
xtime_dec: 140
=========
xor_sum: 105
xtime_sum: 185
mat:
GF([[ 2,  3,  7, 10,  7],
    [ 7,  2,  3,  7, 10],
    [10,  7,  2,  3,  7],
    [ 7, 10,  7,  2,  3],
    [ 3,  7, 10,  7,  2]], order=2^8)
inv:
GF([[ 20, 197,   9, 128, 152],
    [152,  20, 197,   9, 128],
    [128, 152,  20, 197,   9],
    [  9, 128, 152,  20, 197],
    [197,   9, 128, 152,  20]], order=2^8)
===================================
Comparing to photon_5x5
- beats xtime_enc: 45 vs 52
