xor_enc: 45
xtime_enc: 40
=========
xor_dec: 100
xtime_dec: 160
=========
xor_sum: 145
xtime_sum: 200
mat:
GF([[ 1,  3,  7, 10,  6],
    [ 6,  1,  3,  7, 10],
    [10,  6,  1,  3,  7],
    [ 7, 10,  6,  1,  3],
    [ 3,  7, 10,  6,  1]], order=2^8)
inv:
GF([[184,  17, 242, 248, 236],
    [236, 184,  17, 242, 248],
    [248, 236, 184,  17, 242],
    [242, 248, 236, 184,  17],
    [ 17, 242, 248, 236, 184]], order=2^8)
===================================
Comparing to photon_5x5
- beats xtime_enc: 40 vs 52
