xor_enc: 35
xtime_enc: 55
=========
xor_dec: 95
xtime_dec: 130
=========
xor_sum: 130
xtime_sum: 185
mat:
GF([[ 2, 10,  5,  8,  6],
    [ 6,  2, 10,  5,  8],
    [ 8,  6,  2, 10,  5],
    [ 5,  8,  6,  2, 10],
    [10,  5,  8,  6,  2]], order=2^8)
inv:
GF([[ 49, 126,   5, 233,  85],
    [ 85,  49, 126,   5, 233],
    [233,  85,  49, 126,   5],
    [  5, 233,  85,  49, 126],
    [126,   5, 233,  85,  49]], order=2^8)
===================================
Comparing to photon_5x5
- beats xor_enc: 35 vs 44
