xor_enc: 35
xtime_enc: 55
=========
xor_dec: 70
xtime_dec: 135
=========
xor_sum: 105
xtime_sum: 190
mat:
GF([[ 1,  4,  9, 10, 10],
    [10,  1,  4,  9, 10],
    [10, 10,  1,  4,  9],
    [ 9, 10, 10,  1,  4],
    [ 4,  9, 10, 10,  1]], order=2^8)
inv:
GF([[144,  88, 117,  28,  17],
    [ 17, 144,  88, 117,  28],
    [ 28,  17, 144,  88, 117],
    [117,  28,  17, 144,  88],
    [ 88, 117,  28,  17, 144]], order=2^8)
===================================
Comparing to photon_5x5
- beats xor_enc: 35 vs 44
