xor_enc: 40
xtime_enc: 55
=========
xor_dec: 75
xtime_dec: 130
=========
xor_sum: 115
xtime_sum: 185
mat:
GF([[ 1,  8,  9,  7, 10],
    [10,  1,  8,  9,  7],
    [ 7, 10,  1,  8,  9],
    [ 9,  7, 10,  1,  8],
    [ 8,  9,  7, 10,  1]], order=2^8)
inv:
GF([[ 38,  22, 200,  61,  36],
    [ 36,  38,  22, 200,  61],
    [ 61,  36,  38,  22, 200],
    [200,  61,  36,  38,  22],
    [ 22, 200,  61,  36,  38]], order=2^8)
===================================
Comparing to photon_5x5
- beats xor_enc: 40 vs 44
