xor_enc: 45
xtime_enc: 45
=========
xor_dec: 70
xtime_dec: 135
=========
xor_sum: 115
xtime_sum: 180
mat:
GF([[ 2,  3, 10,  7,  6],
    [ 6,  2,  3, 10,  7],
    [ 7,  6,  2,  3, 10],
    [10,  7,  6,  2,  3],
    [ 3, 10,  7,  6,  2]], order=2^8)
inv:
GF([[166,   6, 209,  48, 104],
    [104, 166,   6, 209,  48],
    [ 48, 104, 166,   6, 209],
    [209,  48, 104, 166,   6],
    [  6, 209,  48, 104, 166]], order=2^8)
===================================
Comparing to photon_5x5
- beats xtime_enc: 45 vs 52
