xor_enc: 30
xtime_enc: 55
=========
xor_dec: 95
xtime_dec: 145
=========
xor_sum: 125
xtime_sum: 200
mat:
GF([[ 2,  4, 10,  6,  8],
    [ 8,  2,  4, 10,  6],
    [ 6,  8,  2,  4, 10],
    [10,  6,  8,  2,  4],
    [ 4, 10,  6,  8,  2]], order=2^8)
inv:
GF([[ 83, 210,   4, 235, 227],
    [227,  83, 210,   4, 235],
    [235, 227,  83, 210,   4],
    [  4, 235, 227,  83, 210],
    [210,   4, 235, 227,  83]], order=2^8)
===================================
Comparing to photon_5x5
- beats xor_enc: 30 vs 44
