xor_enc: 40
xtime_enc: 55
=========
xor_dec: 85
xtime_dec: 165
=========
xor_sum: 125
xtime_sum: 220
mat:
GF([[ 1,  5,  9, 10, 10],
    [10,  1,  5,  9, 10],
    [10, 10,  1,  5,  9],
    [ 9, 10, 10,  1,  5],
    [ 5,  9, 10, 10,  1]], order=2^8)
inv:
GF([[158, 130,  64,  66, 255],
    [255, 158, 130,  64,  66],
    [ 66, 255, 158, 130,  64],
    [ 64,  66, 255, 158, 130],
    [130,  64,  66, 255, 158]], order=2^8)
===================================
Comparing to photon_5x5
- beats xor_enc: 40 vs 44
