xor_enc: 45
xtime_enc: 50
=========
xor_dec: 105
xtime_dec: 150
=========
xor_sum: 150
xtime_sum: 200
mat:
GF([[ 1,  7, 10,  5, 10],
    [10,  1,  7, 10,  5],
    [ 5, 10,  1,  7, 10],
    [10,  5, 10,  1,  7],
    [ 7, 10,  5, 10,  1]], order=2^8)
inv:
GF([[123, 191, 118, 100,  32],
    [ 32, 123, 191, 118, 100],
    [100,  32, 123, 191, 118],
    [118, 100,  32, 123, 191],
    [191, 118, 100,  32, 123]], order=2^8)
===================================
Comparing to photon_5x5
- beats xtime_enc: 50 vs 52
