xor_enc: 35
xtime_enc: 55
=========
xor_dec: 105
xtime_dec: 155
=========
xor_sum: 140
xtime_sum: 210
mat:
GF([[ 2,  4, 10,  7,  8],
    [ 8,  2,  4, 10,  7],
    [ 7,  8,  2,  4, 10],
    [10,  7,  8,  2,  4],
    [ 4, 10,  7,  8,  2]], order=2^8)
inv:
GF([[ 74,  22, 186, 219, 203],
    [203,  74,  22, 186, 219],
    [219, 203,  74,  22, 186],
    [186, 219, 203,  74,  22],
    [ 22, 186, 219, 203,  74]], order=2^8)
===================================
Comparing to photon_5x5
- beats xor_enc: 35 vs 44
