xor_enc: 40
xtime_enc: 55
=========
xor_dec: 75
xtime_dec: 115
=========
xor_sum: 115
xtime_sum: 170
mat:
GF([[ 3,  2, 10, 10,  9],
    [ 9,  3,  2, 10, 10],
    [10,  9,  3,  2, 10],
    [10, 10,  9,  3,  2],
    [ 2, 10, 10,  9,  3]], order=2^8)
inv:
GF([[  6,  18,  40, 238,  58],
    [ 58,   6,  18,  40, 238],
    [238,  58,   6,  18,  40],
    [ 40, 238,  58,   6,  18],
    [ 18,  40, 238,  58,   6]], order=2^8)
===================================
Comparing to photon_5x5
- beats xor_enc: 40 vs 44
