xor_enc: 45
xtime_enc: 45
=========
xor_dec: 90
xtime_dec: 130
=========
xor_sum: 135
xtime_sum: 175
mat:
GF([[ 3,  3,  6, 10,  5],
    [ 5,  3,  3,  6, 10],
    [10,  5,  3,  3,  6],
    [ 6, 10,  5,  3,  3],
    [ 3,  6, 10,  5,  3]], order=2^8)
inv:
GF([[ 26,  12,  53, 239, 131],
    [131,  26,  12,  53, 239],
    [239, 131,  26,  12,  53],
    [ 53, 239, 131,  26,  12],
    [ 12,  53, 239, 131,  26]], order=2^8)
===================================
Comparing to photon_5x5
- beats xtime_enc: 45 vs 52
