xor_enc: 35
xtime_enc: 55
=========
xor_dec: 85
xtime_dec: 160
=========
xor_sum: 120
xtime_sum: 215
mat:
GF([[ 2,  5, 10,  6,  8],
    [ 8,  2,  5, 10,  6],
    [ 6,  8,  2,  5, 10],
    [10,  6,  8,  2,  5],
    [ 5, 10,  6,  8,  2]], order=2^8)
inv:
GF([[ 77, 145,  57, 137, 154],
    [154,  77, 145,  57, 137],
    [137, 154,  77, 145,  57],
    [ 57, 137, 154,  77, 145],
    [145,  57, 137, 154,  77]], order=2^8)
===================================
Comparing to photon_5x5
- beats xor_enc: 35 vs 44
