xor_enc: 40
xtime_enc: 55
=========
xor_dec: 85
xtime_dec: 155
=========
xor_sum: 125
xtime_sum: 210
mat:
GF([[ 2,  8, 10,  7,  5],
    [ 5,  2,  8, 10,  7],
    [ 7,  5,  2,  8, 10],
    [10,  7,  5,  2,  8],
    [ 8, 10,  7,  5,  2]], order=2^8)
inv:
GF([[ 28, 176, 180,  77, 216],
    [216,  28, 176, 180,  77],
    [ 77, 216,  28, 176, 180],
    [180,  77, 216,  28, 176],
    [176, 180,  77, 216,  28]], order=2^8)
===================================
Comparing to photon_5x5
- beats xor_enc: 40 vs 44
