xor_enc: 35
xtime_enc: 60
=========
xor_dec: 90
xtime_dec: 145
=========
xor_sum: 125
xtime_sum: 205
mat:
GF([[ 2,  8,  9,  6, 10],
    [10,  2,  8,  9,  6],
    [ 6, 10,  2,  8,  9],
    [ 9,  6, 10,  2,  8],
    [ 8,  9,  6, 10,  2]], order=2^8)
inv:
GF([[196,  11, 234, 199,  37],
    [ 37, 196,  11, 234, 199],
    [199,  37, 196,  11, 234],
    [234, 199,  37, 196,  11],
    [ 11, 234, 199,  37, 196]], order=2^8)
===================================
Comparing to photon_5x5
- beats xor_enc: 35 vs 44
