xor_enc: 30
xtime_enc: 60
=========
xor_dec: 90
xtime_dec: 105
=========
xor_sum: 120
xtime_sum: 165
mat:
GF([[ 2, 10,  4,  8, 10],
    [10,  2, 10,  4,  8],
    [ 8, 10,  2, 10,  4],
    [ 4,  8, 10,  2, 10],
    [10,  4,  8, 10,  2]], order=2^8)
inv:
GF([[  6, 119, 206,   1,  91],
    [ 91,   6, 119, 206,   1],
    [  1,  91,   6, 119, 206],
    [206,   1,  91,   6, 119],
    [119, 206,   1,  91,   6]], order=2^8)
===================================
Comparing to photon_5x5
- beats xor_enc: 30 vs 44
