xor_enc: 45
xtime_enc: 45
=========
xor_dec: 70
xtime_dec: 140
=========
xor_sum: 115
xtime_sum: 185
mat:
GF([[ 1,  7,  5,  5, 10],
    [10,  1,  7,  5,  5],
    [ 5, 10,  1,  7,  5],
    [ 5,  5, 10,  1,  7],
    [ 7,  5,  5, 10,  1]], order=2^8)
inv:
GF([[ 91, 163, 202,   2, 128],
    [128,  91, 163, 202,   2],
    [  2, 128,  91, 163, 202],
    [202,   2, 128,  91, 163],
    [163, 202,   2, 128,  91]], order=2^8)
===================================
Comparing to photon_5x5
- beats xtime_enc: 45 vs 52
