xor_enc: 45
xtime_enc: 45
=========
xor_dec: 80
xtime_dec: 145
=========
xor_sum: 125
xtime_sum: 190
mat:
GF([[ 1,  6,  5,  7, 10],
    [10,  1,  6,  5,  7],
    [ 7, 10,  1,  6,  5],
    [ 5,  7, 10,  1,  6],
    [ 6,  5,  7, 10,  1]], order=2^8)
inv:
GF([[142,  17,  66, 100, 126],
    [126, 142,  17,  66, 100],
    [100, 126, 142,  17,  66],
    [ 66, 100, 126, 142,  17],
    [ 17,  66, 100, 126, 142]], order=2^8)
===================================
Comparing to photon_5x5
- beats xtime_enc: 45 vs 52
