xor_enc: 50
xtime_enc: 50
=========
xor_dec: 70
xtime_dec: 140
=========
xor_sum: 120
xtime_sum: 190
mat:
GF([[ 2,  7,  6, 10,  7],
    [ 7,  2,  7,  6, 10],
    [10,  7,  2,  7,  6],
    [ 6, 10,  7,  2,  7],
    [ 7,  6, 10,  7,  2]], order=2^8)
inv:
GF([[194,  10,  19, 172, 146],
    [146, 194,  10,  19, 172],
    [172, 146, 194,  10,  19],
    [ 19, 172, 146, 194,  10],
    [ 10,  19, 172, 146, 194]], order=2^8)
===================================
Comparing to photon_5x5
- beats xtime_enc: 50 vs 52
