xor_enc: 45
xtime_enc: 45
=========
xor_dec: 90
xtime_dec: 130
=========
xor_sum: 135
xtime_sum: 175
mat:
GF([[ 1,  5,  7,  6, 10],
    [10,  1,  5,  7,  6],
    [ 6, 10,  1,  5,  7],
    [ 7,  6, 10,  1,  5],
    [ 5,  7,  6, 10,  1]], order=2^8)
inv:
GF([[152, 141, 238,   1,  61],
    [ 61, 152, 141, 238,   1],
    [  1,  61, 152, 141, 238],
    [238,   1,  61, 152, 141],
    [141, 238,   1,  61, 152]], order=2^8)
===================================
Comparing to photon_5x5
- beats xtime_enc: 45 vs 52
