xor_enc: 45
xtime_enc: 45
=========
xor_dec: 90
xtime_dec: 145
=========
xor_sum: 135
xtime_sum: 190
mat:
GF([[ 3,  1, 10, 10,  7],
    [ 7,  3,  1, 10, 10],
    [10,  7,  3,  1, 10],
    [10, 10,  7,  3,  1],
    [ 1, 10, 10,  7,  3]], order=2^8)
inv:
GF([[ 68, 196,  49, 253,  30],
    [ 30,  68, 196,  49, 253],
    [253,  30,  68, 196,  49],
    [ 49, 253,  30,  68, 196],
    [196,  49, 253,  30,  68]], order=2^8)
===================================
Comparing to photon_5x5
- beats xtime_enc: 45 vs 52
