xor_enc: 45
xtime_enc: 45
=========
xor_dec: 120
xtime_dec: 150
=========
xor_sum: 165
xtime_sum: 195
mat:
GF([[ 1,  5,  7, 10,  6],
    [ 6,  1,  5,  7, 10],
    [10,  6,  1,  5,  7],
    [ 7, 10,  6,  1,  5],
    [ 5,  7, 10,  6,  1]], order=2^8)
inv:
GF([[ 31, 209, 223,  53, 227],
    [227,  31, 209, 223,  53],
    [ 53, 227,  31, 209, 223],
    [223,  53, 227,  31, 209],
    [209, 223,  53, 227,  31]], order=2^8)
===================================
Comparing to photon_5x5
- beats xtime_enc: 45 vs 52
