xor_enc: 40
xtime_enc: 55
=========
xor_dec: 120
xtime_dec: 170
=========
xor_sum: 160
xtime_sum: 225
mat:
GF([[ 2,  4,  7, 10, 10],
    [10,  2,  4,  7, 10],
    [10, 10,  2,  4,  7],
    [ 7, 10, 10,  2,  4],
    [ 4,  7, 10, 10,  2]], order=2^8)
inv:
GF([[252, 179, 215, 218,  67],
    [ 67, 252, 179, 215, 218],
    [218,  67, 252, 179, 215],
    [215, 218,  67, 252, 179],
    [179, 215, 218,  67, 252]], order=2^8)
===================================
Comparing to photon_5x5
- beats xor_enc: 40 vs 44
