xor_enc: 40
xtime_enc: 60
=========
xor_dec: 80
xtime_dec: 140
=========
xor_sum: 120
xtime_sum: 200
mat:
GF([[ 2, 10,  9,  8,  7],
    [ 7,  2, 10,  9,  8],
    [ 8,  7,  2, 10,  9],
    [ 9,  8,  7,  2, 10],
    [10,  9,  8,  7,  2]], order=2^8)
inv:
GF([[144,  71,   2, 252, 204],
    [204, 144,  71,   2, 252],
    [252, 204, 144,  71,   2],
    [  2, 252, 204, 144,  71],
    [ 71,   2, 252, 204, 144]], order=2^8)
===================================
Comparing to photon_5x5
- beats xor_enc: 40 vs 44
