xor_enc: 35
xtime_enc: 55
=========
xor_dec: 85
xtime_dec: 160
=========
xor_sum: 120
xtime_sum: 215
mat:
GF([[ 2,  8,  6, 10,  5],
    [ 5,  2,  8,  6, 10],
    [10,  5,  2,  8,  6],
    [ 6, 10,  5,  2,  8],
    [ 8,  6, 10,  5,  2]], order=2^8)
inv:
GF([[ 77, 154, 137,  57, 145],
    [145,  77, 154, 137,  57],
    [ 57, 145,  77, 154, 137],
    [137,  57, 145,  77, 154],
    [154, 137,  57, 145,  77]], order=2^8)
===================================
Comparing to photon_5x5
- beats xor_enc: 35 vs 44
