xor_enc: 45
xtime_enc: 50
=========
xor_dec: 85
xtime_dec: 135
=========
xor_sum: 130
xtime_sum: 185
mat:
GF([[ 1,  7,  7,  8, 10],
    [10,  1,  7,  7,  8],
    [ 8, 10,  1,  7,  7],
    [ 7,  8, 10,  1,  7],
    [ 7,  7,  8, 10,  1]], order=2^8)
inv:
GF([[143, 169, 214,  10,  12],
    [ 12, 143, 169, 214,  10],
    [ 10,  12, 143, 169, 214],
    [214,  10,  12, 143, 169],
    [169, 214,  10,  12, 143]], order=2^8)
===================================
Comparing to photon_5x5
- beats xtime_enc: 50 vs 52
