xor_enc: 45
xtime_enc: 40
=========
xor_dec: 80
xtime_dec: 145
=========
xor_sum: 125
xtime_sum: 185
mat:
GF([[ 1, 10,  6,  3,  7],
    [ 7,  1, 10,  6,  3],
    [ 3,  7,  1, 10,  6],
    [ 6,  3,  7,  1, 10],
    [10,  6,  3,  7,  1]], order=2^8)
inv:
GF([[ 48,  34, 187, 210,  52],
    [ 52,  48,  34, 187, 210],
    [210,  52,  48,  34, 187],
    [187, 210,  52,  48,  34],
    [ 34, 187, 210,  52,  48]], order=2^8)
===================================
Comparing to photon_5x5
- beats xtime_enc: 40 vs 52
