xor_enc: 30
xtime_enc: 55
=========
xor_dec: 110
xtime_dec: 150
=========
xor_sum: 140
xtime_sum: 205
mat:
GF([[ 1,  8, 10,  4,  9],
    [ 9,  1,  8, 10,  4],
    [ 4,  9,  1,  8, 10],
    [10,  4,  9,  1,  8],
    [ 8, 10,  4,  9,  1]], order=2^8)
inv:
GF([[220, 185, 175,  25,  54],
    [ 54, 220, 185, 175,  25],
    [ 25,  54, 220, 185, 175],
    [175,  25,  54, 220, 185],
    [185, 175,  25,  54, 220]], order=2^8)
===================================
Comparing to photon_5x5
- beats xor_enc: 30 vs 44
