xor_enc: 45
xtime_enc: 50
=========
xor_dec: 95
xtime_dec: 155
=========
xor_sum: 140
xtime_sum: 205
mat:
GF([[ 1,  7, 10,  8,  7],
    [ 7,  1,  7, 10,  8],
    [ 8,  7,  1,  7, 10],
    [10,  8,  7,  1,  7],
    [ 7, 10,  8,  7,  1]], order=2^8)
inv:
GF([[ 32, 182, 243,  56, 171],
    [171,  32, 182, 243,  56],
    [ 56, 171,  32, 182, 243],
    [243,  56, 171,  32, 182],
    [182, 243,  56, 171,  32]], order=2^8)
===================================
Comparing to photon_5x5
- beats xtime_enc: 50 vs 52
