xor_enc: 45
xtime_enc: 40
=========
xor_dec: 110
xtime_dec: 155
=========
xor_sum: 155
xtime_sum: 195
mat:
GF([[ 3,  2,  3,  7, 10],
    [10,  3,  2,  3,  7],
    [ 7, 10,  3,  2,  3],
    [ 3,  7, 10,  3,  2],
    [ 2,  3,  7, 10,  3]], order=2^8)
inv:
GF([[170,  59, 152,  51, 253],
    [253, 170,  59, 152,  51],
    [ 51, 253, 170,  59, 152],
    [152,  51, 253, 170,  59],
    [ 59, 152,  51, 253, 170]], order=2^8)
===================================
Comparing to photon_5x5
- beats xtime_enc: 40 vs 52
