xor_enc: 35
xtime_enc: 60
=========
xor_dec: 90
xtime_dec: 145
=========
xor_sum: 125
xtime_sum: 205
mat:
GF([[ 2,  6,  8, 10,  9],
    [ 9,  2,  6,  8, 10],
    [10,  9,  2,  6,  8],
    [ 8, 10,  9,  2,  6],
    [ 6,  8, 10,  9,  2]], order=2^8)
inv:
GF([[196, 199,  11,  37, 234],
    [234, 196, 199,  11,  37],
    [ 37, 234, 196, 199,  11],
    [ 11,  37, 234, 196, 199],
    [199,  11,  37, 234, 196]], order=2^8)
===================================
Comparing to photon_5x5
- beats xor_enc: 35 vs 44
