xor_enc: 40
xtime_enc: 55
=========
xor_dec: 100
xtime_dec: 160
=========
xor_sum: 140
xtime_sum: 215
mat:
GF([[ 2,  5, 10,  6, 10],
    [10,  2,  5, 10,  6],
    [ 6, 10,  2,  5, 10],
    [10,  6, 10,  2,  5],
    [ 5, 10,  6, 10,  2]], order=2^8)
inv:
GF([[181,  87, 105,  76, 198],
    [198, 181,  87, 105,  76],
    [ 76, 198, 181,  87, 105],
    [105,  76, 198, 181,  87],
    [ 87, 105,  76, 198, 181]], order=2^8)
===================================
Comparing to photon_5x5
- beats xor_enc: 40 vs 44
