xor_enc: 30
xtime_enc: 55
=========
xor_dec: 125
xtime_dec: 175
=========
xor_sum: 155
xtime_sum: 230
mat:
GF([[ 1,  8, 10,  8,  6],
    [ 6,  1,  8, 10,  8],
    [ 8,  6,  1,  8, 10],
    [10,  8,  6,  1,  8],
    [ 8, 10,  8,  6,  1]], order=2^8)
inv:
GF([[166, 215, 231, 202, 189],
    [189, 166, 215, 231, 202],
    [202, 189, 166, 215, 231],
    [231, 202, 189, 166, 215],
    [215, 231, 202, 189, 166]], order=2^8)
===================================
Comparing to photon_5x5
- beats xor_enc: 30 vs 44
