xor_enc: 45
xtime_enc: 50
=========
xor_dec: 90
xtime_dec: 130
=========
xor_sum: 135
xtime_sum: 180
mat:
GF([[ 2,  5, 10,  7,  6],
    [ 6,  2,  5, 10,  7],
    [ 7,  6,  2,  5, 10],
    [10,  7,  6,  2,  5],
    [ 5, 10,  7,  6,  2]], order=2^8)
inv:
GF([[ 51,  13, 235,  49,  84],
    [ 84,  51,  13, 235,  49],
    [ 49,  84,  51,  13, 235],
    [235,  49,  84,  51,  13],
    [ 13, 235,  49,  84,  51]], order=2^8)
===================================
Comparing to photon_5x5
- beats xtime_enc: 50 vs 52
