xor_enc: 40
xtime_enc: 55
=========
xor_dec: 115
xtime_dec: 165
=========
xor_sum: 155
xtime_sum: 220
mat:
GF([[ 1,  8,  7,  9, 10],
    [10,  1,  8,  7,  9],
    [ 9, 10,  1,  8,  7],
    [ 7,  9, 10,  1,  8],
    [ 8,  7,  9, 10,  1]], order=2^8)
inv:
GF([[111, 238, 149, 147, 102],
    [102, 111, 238, 149, 147],
    [147, 102, 111, 238, 149],
    [149, 147, 102, 111, 238],
    [238, 149, 147, 102, 111]], order=2^8)
===================================
Comparing to photon_5x5
- beats xor_enc: 40 vs 44
