xor_enc: 45
xtime_enc: 40
=========
xor_dec: 130
xtime_dec: 145
=========
xor_sum: 175
xtime_sum: 185
mat:
GF([[ 2,  1,  7, 10,  7],
    [ 7,  2,  1,  7, 10],
    [10,  7,  2,  1,  7],
    [ 7, 10,  7,  2,  1],
    [ 1,  7, 10,  7,  2]], order=2^8)
inv:
GF([[124,  26,  63, 255, 233],
    [233, 124,  26,  63, 255],
    [255, 233, 124,  26,  63],
    [ 63, 255, 233, 124,  26],
    [ 26,  63, 255, 233, 124]], order=2^8)
===================================
Comparing to photon_5x5
- beats xtime_enc: 40 vs 52
