xor_enc: 40
xtime_enc: 55
=========
xor_dec: 75
xtime_dec: 125
=========
xor_sum: 115
xtime_sum: 180
mat:
GF([[ 2,  7,  4, 10,  9],
    [ 9,  2,  7,  4, 10],
    [10,  9,  2,  7,  4],
    [ 4, 10,  9,  2,  7],
    [ 7,  4, 10,  9,  2]], order=2^8)
inv:
GF([[  5, 205,  53,  34,  82],
    [ 82,   5, 205,  53,  34],
    [ 34,  82,   5, 205,  53],
    [ 53,  34,  82,   5, 205],
    [205,  53,  34,  82,   5]], order=2^8)
===================================
Comparing to photon_5x5
- beats xor_enc: 40 vs 44
