xor_enc: 40
xtime_enc: 60
=========
xor_dec: 100
xtime_dec: 150
=========
xor_sum: 140
xtime_sum: 210
mat:
GF([[ 2, 10,  6,  9,  9],
    [ 9,  2, 10,  6,  9],
    [ 9,  9,  2, 10,  6],
    [ 6,  9,  9,  2, 10],
    [10,  6,  9,  9,  2]], order=2^8)
inv:
GF([[175, 174, 193,  61,  24],
    [ 24, 175, 174, 193,  61],
    [ 61,  24, 175, 174, 193],
    [193,  61,  24, 175, 174],
    [174, 193,  61,  24, 175]], order=2^8)
===================================
Comparing to photon_5x5
- beats xor_enc: 40 vs 44
