xor_enc: 50
xtime_enc: 45
=========
xor_dec: 85
xtime_dec: 175
=========
xor_sum: 135
xtime_sum: 220
mat:
GF([[ 2,  7, 10,  3,  7],
    [ 7,  2,  7, 10,  3],
    [ 3,  7,  2,  7, 10],
    [10,  3,  7,  2,  7],
    [ 7, 10,  3,  7,  2]], order=2^8)
inv:
GF([[172, 147, 183, 192, 136],
    [136, 172, 147, 183, 192],
    [192, 136, 172, 147, 183],
    [183, 192, 136, 172, 147],
    [147, 183, 192, 136, 172]], order=2^8)
===================================
Comparing to photon_5x5
- beats xtime_enc: 45 vs 52
