xor_enc: 45
xtime_enc: 45
=========
xor_dec: 90
xtime_dec: 160
=========
xor_sum: 135
xtime_sum: 205
mat:
GF([[ 3,  4,  3, 10,  7],
    [ 7,  3,  4,  3, 10],
    [10,  7,  3,  4,  3],
    [ 3, 10,  7,  3,  4],
    [ 4,  3, 10,  7,  3]], order=2^8)
inv:
GF([[101,  65, 169, 180, 118],
    [118, 101,  65, 169, 180],
    [180, 118, 101,  65, 169],
    [169, 180, 118, 101,  65],
    [ 65, 169, 180, 118, 101]], order=2^8)
===================================
Comparing to photon_5x5
- beats xtime_enc: 45 vs 52
