xor_enc: 45
xtime_enc: 45
=========
xor_dec: 70
xtime_dec: 135
=========
xor_sum: 115
xtime_sum: 180
mat:
GF([[ 3,  2,  6,  7, 10],
    [10,  3,  2,  6,  7],
    [ 7, 10,  3,  2,  6],
    [ 6,  7, 10,  3,  2],
    [ 2,  6,  7, 10,  3]], order=2^8)
inv:
GF([[104,  48, 209,   6, 166],
    [166, 104,  48, 209,   6],
    [  6, 166, 104,  48, 209],
    [209,   6, 166, 104,  48],
    [ 48, 209,   6, 166, 104]], order=2^8)
===================================
Comparing to photon_5x5
- beats xtime_enc: 45 vs 52
