xor_enc: 50
xtime_enc: 40
=========
xor_dec: 105
xtime_dec: 160
=========
xor_sum: 155
xtime_sum: 200
mat:
GF([[ 1,  7,  3,  7, 10],
    [10,  1,  7,  3,  7],
    [ 7, 10,  1,  7,  3],
    [ 3,  7, 10,  1,  7],
    [ 7,  3,  7, 10,  1]], order=2^8)
inv:
GF([[ 40, 167,  85, 204, 254],
    [254,  40, 167,  85, 204],
    [204, 254,  40, 167,  85],
    [ 85, 204, 254,  40, 167],
    [167,  85, 204, 254,  40]], order=2^8)
===================================
Comparing to photon_5x5
- beats xtime_enc: 40 vs 52
