xor_enc: 40
xtime_enc: 55
=========
xor_dec: 115
xtime_dec: 165
=========
xor_sum: 155
xtime_sum: 220
mat:
GF([[ 1, 10,  9,  7,  8],
    [ 8,  1, 10,  9,  7],
    [ 7,  8,  1, 10,  9],
    [ 9,  7,  8,  1, 10],
    [10,  9,  7,  8,  1]], order=2^8)
inv:
GF([[111, 102, 147, 149, 238],
    [238, 111, 102, 147, 149],
    [149, 238, 111, 102, 147],
    [147, 149, 238, 111, 102],
    [102, 147, 149, 238, 111]], order=2^8)
===================================
Comparing to photon_5x5
- beats xor_enc: 40 vs 44
