xor_enc: 40
xtime_enc: 60
=========
xor_dec: 80
xtime_dec: 140
=========
xor_sum: 120
xtime_sum: 200
mat:
GF([[ 2,  8, 10,  7,  9],
    [ 9,  2,  8, 10,  7],
    [ 7,  9,  2,  8, 10],
    [10,  7,  9,  2,  8],
    [ 8, 10,  7,  9,  2]], order=2^8)
inv:
GF([[144, 252,  71, 204,   2],
    [  2, 144, 252,  71, 204],
    [204,   2, 144, 252,  71],
    [ 71, 204,   2, 144, 252],
    [252,  71, 204,   2, 144]], order=2^8)
===================================
Comparing to photon_5x5
- beats xor_enc: 40 vs 44
