xor_enc: 40
xtime_enc: 55
=========
xor_dec: 85
xtime_dec: 115
=========
xor_sum: 125
xtime_sum: 170
mat:
GF([[ 2,  8,  7,  5, 10],
    [10,  2,  8,  7,  5],
    [ 5, 10,  2,  8,  7],
    [ 7,  5, 10,  2,  8],
    [ 8,  7,  5, 10,  2]], order=2^8)
inv:
GF([[ 95, 233,  26,   2,  35],
    [ 35,  95, 233,  26,   2],
    [  2,  35,  95, 233,  26],
    [ 26,   2,  35,  95, 233],
    [233,  26,   2,  35,  95]], order=2^8)
===================================
Comparing to photon_5x5
- beats xor_enc: 40 vs 44
