xor_enc: 35
xtime_enc: 55
=========
xor_dec: 100
xtime_dec: 150
=========
xor_sum: 135
xtime_sum: 205
mat:
GF([[ 1,  9, 10,  4,  9],
    [ 9,  1,  9, 10,  4],
    [ 4,  9,  1,  9, 10],
    [10,  4,  9,  1,  9],
    [ 9, 10,  4,  9,  1]], order=2^8)
inv:
GF([[ 22,  38, 172, 238, 181],
    [181,  22,  38, 172, 238],
    [238, 181,  22,  38, 172],
    [172, 238, 181,  22,  38],
    [ 38, 172, 238, 181,  22]], order=2^8)
===================================
Comparing to photon_5x5
- beats xor_enc: 35 vs 44
