xor_enc: 35
xtime_enc: 60
=========
xor_dec: 110
xtime_dec: 160
=========
xor_sum: 145
xtime_sum: 220
mat:
GF([[ 2,  8,  5, 10, 10],
    [10,  2,  8,  5, 10],
    [10, 10,  2,  8,  5],
    [ 5, 10, 10,  2,  8],
    [ 8,  5, 10, 10,  2]], order=2^8)
inv:
GF([[ 56, 189, 121, 157, 166],
    [166,  56, 189, 121, 157],
    [157, 166,  56, 189, 121],
    [121, 157, 166,  56, 189],
    [189, 121, 157, 166,  56]], order=2^8)
===================================
Comparing to photon_5x5
- beats xor_enc: 35 vs 44
