xor_enc: 45
xtime_enc: 50
=========
xor_dec: 80
xtime_dec: 140
=========
xor_sum: 125
xtime_sum: 190
mat:
GF([[ 2,  7, 10,  3,  9],
    [ 9,  2,  7, 10,  3],
    [ 3,  9,  2,  7, 10],
    [10,  3,  9,  2,  7],
    [ 7, 10,  3,  9,  2]], order=2^8)
inv:
GF([[ 33,  71, 187,  12, 131],
    [131,  33,  71, 187,  12],
    [ 12, 131,  33,  71, 187],
    [187,  12, 131,  33,  71],
    [ 71, 187,  12, 131,  33]], order=2^8)
===================================
Comparing to photon_5x5
- beats xtime_enc: 50 vs 52
