xor_enc: 45
xtime_enc: 45
=========
xor_dec: 80
xtime_dec: 150
=========
xor_sum: 125
xtime_sum: 195
mat:
GF([[ 3,  2,  7,  6, 10],
    [10,  3,  2,  7,  6],
    [ 6, 10,  3,  2,  7],
    [ 7,  6, 10,  3,  2],
    [ 2,  7,  6, 10,  3]], order=2^8)
inv:
GF([[ 18, 208, 198, 113,  92],
    [ 92,  18, 208, 198, 113],
    [113,  92,  18, 208, 198],
    [198, 113,  92,  18, 208],
    [208, 198, 113,  92,  18]], order=2^8)
===================================
Comparing to photon_5x5
- beats xtime_enc: 45 vs 52
