xor_enc: 35
xtime_enc: 55
=========
xor_dec: 85
xtime_dec: 160
=========
xor_sum: 120
xtime_sum: 215
mat:
GF([[ 2,  9, 10,  6,  4],
    [ 4,  2,  9, 10,  6],
    [ 6,  4,  2,  9, 10],
    [10,  6,  4,  2,  9],
    [ 9, 10,  6,  4,  2]], order=2^8)
inv:
GF([[ 93,  44, 200, 141, 194],
    [194,  93,  44, 200, 141],
    [141, 194,  93,  44, 200],
    [200, 141, 194,  93,  44],
    [ 44, 200, 141, 194,  93]], order=2^8)
===================================
Comparing to photon_5x5
- beats xor_enc: 35 vs 44
