xor_enc: 35
xtime_enc: 55
=========
xor_dec: 100
xtime_dec: 145
=========
xor_sum: 135
xtime_sum: 200
mat:
GF([[ 1,  9,  8,  6, 10],
    [10,  1,  9,  8,  6],
    [ 6, 10,  1,  9,  8],
    [ 8,  6, 10,  1,  9],
    [ 9,  8,  6, 10,  1]], order=2^8)
inv:
GF([[  9,  55, 184, 229, 211],
    [211,   9,  55, 184, 229],
    [229, 211,   9,  55, 184],
    [184, 229, 211,   9,  55],
    [ 55, 184, 229, 211,   9]], order=2^8)
===================================
Comparing to photon_5x5
- beats xor_enc: 35 vs 44
