xor_enc: 40
xtime_enc: 55
=========
xor_dec: 105
xtime_dec: 155
=========
xor_sum: 145
xtime_sum: 210
mat:
GF([[ 2,  4,  7, 10,  9],
    [ 9,  2,  4,  7, 10],
    [10,  9,  2,  4,  7],
    [ 7, 10,  9,  2,  4],
    [ 4,  7, 10,  9,  2]], order=2^8)
inv:
GF([[203, 244, 101,  29, 202],
    [202, 203, 244, 101,  29],
    [ 29, 202, 203, 244, 101],
    [101,  29, 202, 203, 244],
    [244, 101,  29, 202, 203]], order=2^8)
===================================
Comparing to photon_5x5
- beats xor_enc: 40 vs 44
