xor_enc: 45
xtime_enc: 50
=========
xor_dec: 65
xtime_dec: 150
=========
xor_sum: 110
xtime_sum: 200
mat:
GF([[ 2, 10,  7,  3, 10],
    [10,  2, 10,  7,  3],
    [ 3, 10,  2, 10,  7],
    [ 7,  3, 10,  2, 10],
    [10,  7,  3, 10,  2]], order=2^8)
inv:
GF([[179,  32,  57, 145,  64],
    [ 64, 179,  32,  57, 145],
    [145,  64, 179,  32,  57],
    [ 57, 145,  64, 179,  32],
    [ 32,  57, 145,  64, 179]], order=2^8)
===================================
Comparing to photon_5x5
- beats xtime_enc: 50 vs 52
