xor_enc: 35
xtime_enc: 55
=========
xor_dec: 100
xtime_dec: 145
=========
xor_sum: 135
xtime_sum: 200
mat:
GF([[ 2, 10,  8,  3,  9],
    [ 9,  2, 10,  8,  3],
    [ 3,  9,  2, 10,  8],
    [ 8,  3,  9,  2, 10],
    [10,  8,  3,  9,  2]], order=2^8)
inv:
GF([[ 42, 227, 143, 119,  24],
    [ 24,  42, 227, 143, 119],
    [119,  24,  42, 227, 143],
    [143, 119,  24,  42, 227],
    [227, 143, 119,  24,  42]], order=2^8)
===================================
Comparing to photon_5x5
- beats xor_enc: 35 vs 44
