xor_enc: 45
xtime_enc: 50
=========
xor_dec: 105
xtime_dec: 170
=========
xor_sum: 150
xtime_sum: 220
mat:
GF([[ 3,  3, 10,  5,  9],
    [ 9,  3,  3, 10,  5],
    [ 5,  9,  3,  3, 10],
    [10,  5,  9,  3,  3],
    [ 3, 10,  5,  9,  3]], order=2^8)
inv:
GF([[ 90, 231, 172, 129, 235],
    [235,  90, 231, 172, 129],
    [129, 235,  90, 231, 172],
    [172, 129, 235,  90, 231],
    [231, 172, 129, 235,  90]], order=2^8)
===================================
Comparing to photon_5x5
- beats xtime_enc: 50 vs 52
