xor_enc: 30
xtime_enc: 55
=========
xor_dec: 85
xtime_dec: 155
=========
xor_sum: 115
xtime_sum: 210
mat:
GF([[ 2,  4, 10, 10,  4],
    [ 4,  2,  4, 10, 10],
    [10,  4,  2,  4, 10],
    [10, 10,  4,  2,  4],
    [ 4, 10, 10,  4,  2]], order=2^8)
inv:
GF([[141, 243,  32,  32, 243],
    [243, 141, 243,  32,  32],
    [ 32, 243, 141, 243,  32],
    [ 32,  32, 243, 141, 243],
    [243,  32,  32, 243, 141]], order=2^8)
===================================
Comparing to photon_5x5
- beats xor_enc: 30 vs 44
