xor_enc: 30
xtime_enc: 55
=========
xor_dec: 95
xtime_dec: 135
=========
xor_sum: 125
xtime_sum: 190
mat:
GF([[ 2,  2, 10,  8,  9],
    [ 9,  2,  2, 10,  8],
    [ 8,  9,  2,  2, 10],
    [10,  8,  9,  2,  2],
    [ 2, 10,  8,  9,  2]], order=2^8)
inv:
GF([[251, 145, 241,  90,   1],
    [  1, 251, 145, 241,  90],
    [ 90,   1, 251, 145, 241],
    [241,  90,   1, 251, 145],
    [145, 241,  90,   1, 251]], order=2^8)
===================================
Comparing to photon_5x5
- beats xor_enc: 30 vs 44
