xor_enc: 50
xtime_enc: 50
=========
xor_dec: 70
xtime_dec: 145
=========
xor_sum: 120
xtime_sum: 195
mat:
GF([[ 3,  3,  7, 10,  9],
    [ 9,  3,  3,  7, 10],
    [10,  9,  3,  3,  7],
    [ 7, 10,  9,  3,  3],
    [ 3,  7, 10,  9,  3]], order=2^8)
inv:
GF([[152,   9,  32, 132, 254],
    [254, 152,   9,  32, 132],
    [132, 254, 152,   9,  32],
    [ 32, 132, 254, 152,   9],
    [  9,  32, 132, 254, 152]], order=2^8)
===================================
Comparing to photon_5x5
- beats xtime_enc: 50 vs 52
