xor_enc: 35
xtime_enc: 65
=========
xor_dec: 105
xtime_dec: 130
=========
xor_sum: 140
xtime_sum: 195
mat:
GF([[ 2,  8, 10,  9, 10],
    [10,  2,  8, 10,  9],
    [ 9, 10,  2,  8, 10],
    [10,  9, 10,  2,  8],
    [ 8, 10,  9, 10,  2]], order=2^8)
inv:
GF([[ 49,  73, 118, 255,   7],
    [  7,  49,  73, 118, 255],
    [255,   7,  49,  73, 118],
    [118, 255,   7,  49,  73],
    [ 73, 118, 255,   7,  49]], order=2^8)
===================================
Comparing to photon_5x5
- beats xor_enc: 35 vs 44
