xor_enc: 35
xtime_enc: 55
=========
xor_dec: 90
xtime_dec: 145
=========
xor_sum: 125
xtime_sum: 200
mat:
GF([[ 2,  8, 10,  9,  3],
    [ 3,  2,  8, 10,  9],
    [ 9,  3,  2,  8, 10],
    [10,  9,  3,  2,  8],
    [ 8, 10,  9,  3,  2]], order=2^8)
inv:
GF([[236,  16,  57, 145, 125],
    [125, 236,  16,  57, 145],
    [145, 125, 236,  16,  57],
    [ 57, 145, 125, 236,  16],
    [ 16,  57, 145, 125, 236]], order=2^8)
===================================
Comparing to photon_5x5
- beats xor_enc: 35 vs 44
