xor_enc: 45
xtime_enc: 35
=========
xor_dec: 120
xtime_dec: 150
=========
xor_sum: 165
xtime_sum: 185
mat:
GF([[ 3,  1, 10,  3,  7],
    [ 7,  3,  1, 10,  3],
    [ 3,  7,  3,  1, 10],
    [10,  3,  7,  3,  1],
    [ 1, 10,  3,  7,  3]], order=2^8)
inv:
GF([[126, 236, 117, 108,  59],
    [ 59, 126, 236, 117, 108],
    [108,  59, 126, 236, 117],
    [117, 108,  59, 126, 236],
    [236, 117, 108,  59, 126]], order=2^8)
===================================
Comparing to photon_5x5
- beats xtime_enc: 35 vs 52
