xor_enc: 45
xtime_enc: 45
=========
xor_dec: 70
xtime_dec: 130
=========
xor_sum: 115
xtime_sum: 175
mat:
GF([[ 2,  3,  7,  6, 10],
    [10,  2,  3,  7,  6],
    [ 6, 10,  2,  3,  7],
    [ 7,  6, 10,  2,  3],
    [ 3,  7,  6, 10,  2]], order=2^8)
inv:
GF([[223,   2, 130,  68,  50],
    [ 50, 223,   2, 130,  68],
    [ 68,  50, 223,   2, 130],
    [130,  68,  50, 223,   2],
    [  2, 130,  68,  50, 223]], order=2^8)
===================================
Comparing to photon_5x5
- beats xtime_enc: 45 vs 52
