xor_enc: 50
xtime_enc: 50
=========
xor_dec: 70
xtime_dec: 145
=========
xor_sum: 120
xtime_sum: 195
mat:
GF([[ 3,  3,  9, 10,  7],
    [ 7,  3,  3,  9, 10],
    [10,  7,  3,  3,  9],
    [ 9, 10,  7,  3,  3],
    [ 3,  9, 10,  7,  3]], order=2^8)
inv:
GF([[254, 132,  32,   9, 152],
    [152, 254, 132,  32,   9],
    [  9, 152, 254, 132,  32],
    [ 32,   9, 152, 254, 132],
    [132,  32,   9, 152, 254]], order=2^8)
===================================
Comparing to photon_5x5
- beats xtime_enc: 50 vs 52
