xor_enc: 30
xtime_enc: 55
=========
xor_dec: 65
xtime_dec: 160
=========
xor_sum: 95
xtime_sum: 215
mat:
GF([[ 2,  8,  3, 10,  8],
    [ 8,  2,  8,  3, 10],
    [10,  8,  2,  8,  3],
    [ 3, 10,  8,  2,  8],
    [ 8,  3, 10,  8,  2]], order=2^8)
inv:
GF([[ 80, 198,  38, 192, 176],
    [176,  80, 198,  38, 192],
    [192, 176,  80, 198,  38],
    [ 38, 192, 176,  80, 198],
    [198,  38, 192, 176,  80]], order=2^8)
===================================
Comparing to photon_5x5
- beats xor_enc: 30 vs 44
