xor_enc: 45
xtime_enc: 45
=========
xor_dec: 90
xtime_dec: 170
=========
xor_sum: 135
xtime_sum: 215
mat:
GF([[ 3,  3,  4, 10,  7],
    [ 7,  3,  3,  4, 10],
    [10,  7,  3,  3,  4],
    [ 4, 10,  7,  3,  3],
    [ 3,  4, 10,  7,  3]], order=2^8)
inv:
GF([[211,  66, 147, 131, 206],
    [206, 211,  66, 147, 131],
    [131, 206, 211,  66, 147],
    [147, 131, 206, 211,  66],
    [ 66, 147, 131, 206, 211]], order=2^8)
===================================
Comparing to photon_5x5
- beats xtime_enc: 45 vs 52
