xor_enc: 40
xtime_enc: 55
=========
xor_dec: 115
xtime_dec: 175
=========
xor_sum: 155
xtime_sum: 230
mat:
GF([[ 1,  7,  9, 10,  8],
    [ 8,  1,  7,  9, 10],
    [10,  8,  1,  7,  9],
    [ 9, 10,  8,  1,  7],
    [ 7,  9, 10,  8,  1]], order=2^8)
inv:
GF([[174, 242, 151, 233, 195],
    [195, 174, 242, 151, 233],
    [233, 195, 174, 242, 151],
    [151, 233, 195, 174, 242],
    [242, 151, 233, 195, 174]], order=2^8)
===================================
Comparing to photon_5x5
- beats xor_enc: 40 vs 44
