xor_enc: 45
xtime_enc: 50
=========
xor_dec: 125
xtime_dec: 165
=========
xor_sum: 170
xtime_sum: 215
mat:
GF([[ 1,  7,  9, 10,  6],
    [ 6,  1,  7,  9, 10],
    [10,  6,  1,  7,  9],
    [ 9, 10,  6,  1,  7],
    [ 7,  9, 10,  6,  1]], order=2^8)
inv:
GF([[233,  94, 157, 167, 123],
    [123, 233,  94, 157, 167],
    [167, 123, 233,  94, 157],
    [157, 167, 123, 233,  94],
    [ 94, 157, 167, 123, 233]], order=2^8)
===================================
Comparing to photon_5x5
- beats xtime_enc: 50 vs 52
