xor_enc: 45
xtime_enc: 45
=========
xor_dec: 90
xtime_dec: 130
=========
xor_sum: 135
xtime_sum: 175
mat:
GF([[ 1,  7, 10,  5,  6],
    [ 6,  1,  7, 10,  5],
    [ 5,  6,  1,  7, 10],
    [10,  5,  6,  1,  7],
    [ 7, 10,  5,  6,  1]], order=2^8)
inv:
GF([[152, 238,  61, 141,   1],
    [  1, 152, 238,  61, 141],
    [141,   1, 152, 238,  61],
    [ 61, 141,   1, 152, 238],
    [238,  61, 141,   1, 152]], order=2^8)
===================================
Comparing to photon_5x5
- beats xtime_enc: 45 vs 52
