xor_enc: 35
xtime_enc: 55
=========
xor_dec: 90
xtime_dec: 150
=========
xor_sum: 125
xtime_sum: 205
mat:
GF([[ 1,  8, 10,  5,  9],
    [ 9,  1,  8, 10,  5],
    [ 5,  9,  1,  8, 10],
    [10,  5,  9,  1,  8],
    [ 8, 10,  5,  9,  1]], order=2^8)
inv:
GF([[ 98,  41, 133, 123, 114],
    [114,  98,  41, 133, 123],
    [123, 114,  98,  41, 133],
    [133, 123, 114,  98,  41],
    [ 41, 133, 123, 114,  98]], order=2^8)
===================================
Comparing to photon_5x5
- beats xor_enc: 35 vs 44
