xor_enc: 45
xtime_enc: 50
=========
xor_dec: 55
xtime_dec: 105
=========
xor_sum: 100
xtime_sum: 155
mat:
GF([[ 1,  7, 10,  9,  6],
    [ 6,  1,  7, 10,  9],
    [ 9,  6,  1,  7, 10],
    [10,  9,  6,  1,  7],
    [ 7, 10,  9,  6,  1]], order=2^8)
inv:
GF([[  8,  49,  36,   3, 232],
    [232,   8,  49,  36,   3],
    [  3, 232,   8,  49,  36],
    [ 36,   3, 232,   8,  49],
    [ 49,  36,   3, 232,   8]], order=2^8)
===================================
Comparing to photon_5x5
- beats xtime_enc: 50 vs 52
