xor_enc: 40
xtime_enc: 55
=========
xor_dec: 110
xtime_dec: 170
=========
xor_sum: 150
xtime_sum: 225
mat:
GF([[ 2,  6,  8,  7, 10],
    [10,  2,  6,  8,  7],
    [ 7, 10,  2,  6,  8],
    [ 8,  7, 10,  2,  6],
    [ 6,  8,  7, 10,  2]], order=2^8)
inv:
GF([[151,  73, 187, 149, 241],
    [241, 151,  73, 187, 149],
    [149, 241, 151,  73, 187],
    [187, 149, 241, 151,  73],
    [ 73, 187, 149, 241, 151]], order=2^8)
===================================
Comparing to photon_5x5
- beats xor_enc: 40 vs 44
