xor_enc: 35
xtime_enc: 55
=========
xor_dec: 110
xtime_dec: 155
=========
xor_sum: 145
xtime_sum: 210
mat:
GF([[ 1,  8,  8, 10,  7],
    [ 7,  1,  8,  8, 10],
    [10,  7,  1,  8,  8],
    [ 8, 10,  7,  1,  8],
    [ 8,  8, 10,  7,  1]], order=2^8)
inv:
GF([[ 84,  27, 219, 205, 233],
    [233,  84,  27, 219, 205],
    [205, 233,  84,  27, 219],
    [219, 205, 233,  84,  27],
    [ 27, 219, 205, 233,  84]], order=2^8)
===================================
Comparing to photon_5x5
- beats xor_enc: 35 vs 44
