xor_enc: 45
xtime_enc: 45
=========
xor_dec: 80
xtime_dec: 160
=========
xor_sum: 125
xtime_sum: 205
mat:
GF([[ 1,  6,  6,  7, 10],
    [10,  1,  6,  6,  7],
    [ 7, 10,  1,  6,  6],
    [ 6,  7, 10,  1,  6],
    [ 6,  6,  7, 10,  1]], order=2^8)
inv:
GF([[157, 196,  53, 128,  92],
    [ 92, 157, 196,  53, 128],
    [128,  92, 157, 196,  53],
    [ 53, 128,  92, 157, 196],
    [196,  53, 128,  92, 157]], order=2^8)
===================================
Comparing to photon_5x5
- beats xtime_enc: 45 vs 52
