xor_enc: 40
xtime_enc: 60
=========
xor_dec: 100
xtime_dec: 150
=========
xor_sum: 140
xtime_sum: 210
mat:
GF([[ 2,  9,  9,  6, 10],
    [10,  2,  9,  9,  6],
    [ 6, 10,  2,  9,  9],
    [ 9,  6, 10,  2,  9],
    [ 9,  9,  6, 10,  2]], order=2^8)
inv:
GF([[175,  24,  61, 193, 174],
    [174, 175,  24,  61, 193],
    [193, 174, 175,  24,  61],
    [ 61, 193, 174, 175,  24],
    [ 24,  61, 193, 174, 175]], order=2^8)
===================================
Comparing to photon_5x5
- beats xor_enc: 40 vs 44
