xor_enc: 35
xtime_enc: 55
=========
xor_dec: 90
xtime_dec: 160
=========
xor_sum: 125
xtime_sum: 215
mat:
GF([[ 2,  9,  3, 10,  8],
    [ 8,  2,  9,  3, 10],
    [10,  8,  2,  9,  3],
    [ 3, 10,  8,  2,  9],
    [ 9,  3, 10,  8,  2]], order=2^8)
inv:
GF([[108,  74, 240, 146, 109],
    [109, 108,  74, 240, 146],
    [146, 109, 108,  74, 240],
    [240, 146, 109, 108,  74],
    [ 74, 240, 146, 109, 108]], order=2^8)
===================================
Comparing to photon_5x5
- beats xor_enc: 35 vs 44
