xor_enc: 45
xtime_enc: 50
=========
xor_dec: 100
xtime_dec: 160
=========
xor_sum: 145
xtime_sum: 210
mat:
GF([[ 2,  3,  7, 10,  9],
    [ 9,  2,  3,  7, 10],
    [10,  9,  2,  3,  7],
    [ 7, 10,  9,  2,  3],
    [ 3,  7, 10,  9,  2]], order=2^8)
inv:
GF([[ 16, 154, 190, 216, 190],
    [190,  16, 154, 190, 216],
    [216, 190,  16, 154, 190],
    [190, 216, 190,  16, 154],
    [154, 190, 216, 190,  16]], order=2^8)
===================================
Comparing to photon_5x5
- beats xtime_enc: 50 vs 52
