xor_enc: 35
xtime_enc: 55
=========
xor_dec: 90
xtime_dec: 160
=========
xor_sum: 125
xtime_sum: 215
mat:
GF([[ 2,  3,  8,  9, 10],
    [10,  2,  3,  8,  9],
    [ 9, 10,  2,  3,  8],
    [ 8,  9, 10,  2,  3],
    [ 3,  8,  9, 10,  2]], order=2^8)
inv:
GF([[108, 240, 109,  74, 146],
    [146, 108, 240, 109,  74],
    [ 74, 146, 108, 240, 109],
    [109,  74, 146, 108, 240],
    [240, 109,  74, 146, 108]], order=2^8)
===================================
Comparing to photon_5x5
- beats xor_enc: 35 vs 44
