xor_enc: 30
xtime_enc: 55
=========
xor_dec: 95
xtime_dec: 135
=========
xor_sum: 125
xtime_sum: 190
mat:
GF([[ 2, 10,  9,  2,  8],
    [ 8,  2, 10,  9,  2],
    [ 2,  8,  2, 10,  9],
    [ 9,  2,  8,  2, 10],
    [10,  9,  2,  8,  2]], order=2^8)
inv:
GF([[251, 241,   1, 145,  90],
    [ 90, 251, 241,   1, 145],
    [145,  90, 251, 241,   1],
    [  1, 145,  90, 251, 241],
    [241,   1, 145,  90, 251]], order=2^8)
===================================
Comparing to photon_5x5
- beats xor_enc: 30 vs 44
