xor_enc: 45
xtime_enc: 40
=========
xor_dec: 70
xtime_dec: 145
=========
xor_sum: 115
xtime_sum: 185
mat:
GF([[ 1, 10,  5,  7,  3],
    [ 3,  1, 10,  5,  7],
    [ 7,  3,  1, 10,  5],
    [ 5,  7,  3,  1, 10],
    [10,  5,  7,  3,  1]], order=2^8)
inv:
GF([[ 10,  85,  81, 161, 134],
    [134,  10,  85,  81, 161],
    [161, 134,  10,  85,  81],
    [ 81, 161, 134,  10,  85],
    [ 85,  81, 161, 134,  10]], order=2^8)
===================================
Comparing to photon_5x5
- beats xtime_enc: 40 vs 52
