xor_enc: 35
xtime_enc: 55
=========
xor_dec: 100
xtime_dec: 150
=========
xor_sum: 135
xtime_sum: 205
mat:
GF([[ 1,  4,  9,  9, 10],
    [10,  1,  4,  9,  9],
    [ 9, 10,  1,  4,  9],
    [ 9,  9, 10,  1,  4],
    [ 4,  9,  9, 10,  1]], order=2^8)
inv:
GF([[ 22, 238,  38, 181, 172],
    [172,  22, 238,  38, 181],
    [181, 172,  22, 238,  38],
    [ 38, 181, 172,  22, 238],
    [238,  38, 181, 172,  22]], order=2^8)
===================================
Comparing to photon_5x5
- beats xor_enc: 35 vs 44
