xor_enc: 40
xtime_enc: 55
=========
xor_dec: 85
xtime_dec: 150
=========
xor_sum: 125
xtime_sum: 205
mat:
GF([[ 1,  9,  6,  9, 10],
    [10,  1,  9,  6,  9],
    [ 9, 10,  1,  9,  6],
    [ 6,  9, 10,  1,  9],
    [ 9,  6,  9, 10,  1]], order=2^8)
inv:
GF([[ 81,  33, 164,  91, 110],
    [110,  81,  33, 164,  91],
    [ 91, 110,  81,  33, 164],
    [164,  91, 110,  81,  33],
    [ 33, 164,  91, 110,  81]], order=2^8)
===================================
Comparing to photon_5x5
- beats xor_enc: 40 vs 44
