xor_enc: 40
xtime_enc: 55
=========
xor_dec: 105
xtime_dec: 135
=========
xor_sum: 145
xtime_sum: 190
mat:
GF([[ 2,  3,  9,  9, 10],
    [10,  2,  3,  9,  9],
    [ 9, 10,  2,  3,  9],
    [ 9,  9, 10,  2,  3],
    [ 3,  9,  9, 10,  2]], order=2^8)
inv:
GF([[  6, 210, 246, 252,  30],
    [ 30,   6, 210, 246, 252],
    [252,  30,   6, 210, 246],
    [246, 252,  30,   6, 210],
    [210, 246, 252,  30,   6]], order=2^8)
===================================
Comparing to photon_5x5
- beats xor_enc: 40 vs 44
