xor_enc: 40
xtime_enc: 55
=========
xor_dec: 85
xtime_dec: 155
=========
xor_sum: 125
xtime_sum: 210
mat:
GF([[ 2,  7,  5, 10,  8],
    [ 8,  2,  7,  5, 10],
    [10,  8,  2,  7,  5],
    [ 5, 10,  8,  2,  7],
    [ 7,  5, 10,  8,  2]], order=2^8)
inv:
GF([[194, 221,  97,  18, 225],
    [225, 194, 221,  97,  18],
    [ 18, 225, 194, 221,  97],
    [ 97,  18, 225, 194, 221],
    [221,  97,  18, 225, 194]], order=2^8)
===================================
Comparing to photon_5x5
- beats xor_enc: 40 vs 44
