xor_enc: 25
xtime_enc: 55
=========
xor_dec: 80
xtime_dec: 150
=========
xor_sum: 105
xtime_sum: 205
mat:
GF([[ 1,  4,  8,  8, 10],
    [10,  1,  4,  8,  8],
    [ 8, 10,  1,  4,  8],
    [ 8,  8, 10,  1,  4],
    [ 4,  8,  8, 10,  1]], order=2^8)
inv:
GF([[155, 139, 148,  10,  73],
    [ 73, 155, 139, 148,  10],
    [ 10,  73, 155, 139, 148],
    [148,  10,  73, 155, 139],
    [139, 148,  10,  73, 155]], order=2^8)
===================================
Comparing to photon_5x5
- beats xor_enc: 25 vs 44
