xor_enc: 45
xtime_enc: 45
=========
xor_dec: 100
xtime_dec: 175
=========
xor_sum: 145
xtime_sum: 220
mat:
GF([[ 1,  7,  5,  6, 10],
    [10,  1,  7,  5,  6],
    [ 6, 10,  1,  7,  5],
    [ 5,  6, 10,  1,  7],
    [ 7,  5,  6, 10,  1]], order=2^8)
inv:
GF([[197, 204, 250, 224, 212],
    [212, 197, 204, 250, 224],
    [224, 212, 197, 204, 250],
    [250, 224, 212, 197, 204],
    [204, 250, 224, 212, 197]], order=2^8)
===================================
Comparing to photon_5x5
- beats xtime_enc: 45 vs 52
