xor_enc: 50
xtime_enc: 45
=========
xor_dec: 65
xtime_dec: 135
=========
xor_sum: 115
xtime_sum: 180
mat:
GF([[ 3,  3, 10,  7,  5],
    [ 5,  3,  3, 10,  7],
    [ 7,  5,  3,  3, 10],
    [10,  7,  5,  3,  3],
    [ 3, 10,  7,  5,  3]], order=2^8)
inv:
GF([[ 61, 168,  32,  65,  28],
    [ 28,  61, 168,  32,  65],
    [ 65,  28,  61, 168,  32],
    [ 32,  65,  28,  61, 168],
    [168,  32,  65,  28,  61]], order=2^8)
===================================
Comparing to photon_5x5
- beats xtime_enc: 45 vs 52
