xor_enc: 45
xtime_enc: 50
=========
xor_dec: 90
xtime_dec: 130
=========
xor_sum: 135
xtime_sum: 180
mat:
GF([[ 2,  7,  5,  6, 10],
    [10,  2,  7,  5,  6],
    [ 6, 10,  2,  7,  5],
    [ 5,  6, 10,  2,  7],
    [ 7,  5,  6, 10,  2]], order=2^8)
inv:
GF([[ 51,  49,  13,  84, 235],
    [235,  51,  49,  13,  84],
    [ 84, 235,  51,  49,  13],
    [ 13,  84, 235,  51,  49],
    [ 49,  13,  84, 235,  51]], order=2^8)
===================================
Comparing to photon_5x5
- beats xtime_enc: 50 vs 52
