xor_enc: 45
xtime_enc: 50
=========
xor_dec: 80
xtime_dec: 135
=========
xor_sum: 125
xtime_sum: 185
mat:
GF([[ 2,  7,  9, 10,  3],
    [ 3,  2,  7,  9, 10],
    [10,  3,  2,  7,  9],
    [ 9, 10,  3,  2,  7],
    [ 7,  9, 10,  3,  2]], order=2^8)
inv:
GF([[ 27, 201,  89, 209,   8],
    [  8,  27, 201,  89, 209],
    [209,   8,  27, 201,  89],
    [ 89, 209,   8,  27, 201],
    [201,  89, 209,   8,  27]], order=2^8)
===================================
Comparing to photon_5x5
- beats xtime_enc: 50 vs 52
