xor_enc: 30
xtime_enc: 55
=========
xor_dec: 115
xtime_dec: 175
=========
xor_sum: 145
xtime_sum: 230
mat:
GF([[ 1,  8, 10,  6,  8],
    [ 8,  1,  8, 10,  6],
    [ 6,  8,  1,  8, 10],
    [10,  6,  8,  1,  8],
    [ 8, 10,  6,  8,  1]], order=2^8)
inv:
GF([[249, 245, 150, 211, 168],
    [168, 249, 245, 150, 211],
    [211, 168, 249, 245, 150],
    [150, 211, 168, 249, 245],
    [245, 150, 211, 168, 249]], order=2^8)
===================================
Comparing to photon_5x5
- beats xor_enc: 30 vs 44
