xor_enc: 45
xtime_enc: 45
=========
xor_dec: 110
xtime_dec: 140
=========
xor_sum: 155
xtime_sum: 185
mat:
GF([[ 1, 10,  6,  7,  6],
    [ 6,  1, 10,  6,  7],
    [ 7,  6,  1, 10,  6],
    [ 6,  7,  6,  1, 10],
    [10,  6,  7,  6,  1]], order=2^8)
inv:
GF([[ 95, 162,  21, 103,  63],
    [ 63,  95, 162,  21, 103],
    [103,  63,  95, 162,  21],
    [ 21, 103,  63,  95, 162],
    [162,  21, 103,  63,  95]], order=2^8)
===================================
Comparing to photon_5x5
- beats xtime_enc: 45 vs 52
