xor_enc: 30
xtime_enc: 55
=========
xor_dec: 110
xtime_dec: 165
=========
xor_sum: 140
xtime_sum: 220
mat:
GF([[ 2,  9,  4, 10,  4],
    [ 4,  2,  9,  4, 10],
    [10,  4,  2,  9,  4],
    [ 4, 10,  4,  2,  9],
    [ 9,  4, 10,  4,  2]], order=2^8)
inv:
GF([[ 51, 147, 221, 137, 245],
    [245,  51, 147, 221, 137],
    [137, 245,  51, 147, 221],
    [221, 137, 245,  51, 147],
    [147, 221, 137, 245,  51]], order=2^8)
===================================
Comparing to photon_5x5
- beats xor_enc: 30 vs 44
