xor_enc: 35
xtime_enc: 60
=========
xor_dec: 90
xtime_dec: 155
=========
xor_sum: 125
xtime_sum: 215
mat:
GF([[ 2, 10,  9,  5,  8],
    [ 8,  2, 10,  9,  5],
    [ 5,  8,  2, 10,  9],
    [ 9,  5,  8,  2, 10],
    [10,  9,  5,  8,  2]], order=2^8)
inv:
GF([[ 35, 181,  52, 177, 163],
    [163,  35, 181,  52, 177],
    [177, 163,  35, 181,  52],
    [ 52, 177, 163,  35, 181],
    [181,  52, 177, 163,  35]], order=2^8)
===================================
Comparing to photon_5x5
- beats xor_enc: 35 vs 44
