xor_enc: 40
xtime_enc: 55
=========
xor_dec: 95
xtime_dec: 130
=========
xor_sum: 135
xtime_sum: 185
mat:
GF([[ 1,  8,  7, 10,  9],
    [ 9,  1,  8,  7, 10],
    [10,  9,  1,  8,  7],
    [ 7, 10,  9,  1,  8],
    [ 8,  7, 10,  9,  1]], order=2^8)
inv:
GF([[ 34, 222,  62,  21,  54],
    [ 54,  34, 222,  62,  21],
    [ 21,  54,  34, 222,  62],
    [ 62,  21,  54,  34, 222],
    [222,  62,  21,  54,  34]], order=2^8)
===================================
Comparing to photon_5x5
- beats xor_enc: 40 vs 44
