xor_enc: 40
xtime_enc: 55
=========
xor_dec: 85
xtime_dec: 115
=========
xor_sum: 125
xtime_sum: 170
mat:
GF([[ 2, 10,  6,  9,  5],
    [ 5,  2, 10,  6,  9],
    [ 9,  5,  2, 10,  6],
    [ 6,  9,  5,  2, 10],
    [10,  6,  9,  5,  2]], order=2^8)
inv:
GF([[ 12,  43,  78,   7, 227],
    [227,  12,  43,  78,   7],
    [  7, 227,  12,  43,  78],
    [ 78,   7, 227,  12,  43],
    [ 43,  78,   7, 227,  12]], order=2^8)
===================================
Comparing to photon_5x5
- beats xor_enc: 40 vs 44
