xor_enc: 45
xtime_enc: 50
=========
xor_dec: 110
xtime_dec: 150
=========
xor_sum: 155
xtime_sum: 200
mat:
GF([[ 2,  7,  5,  5, 10],
    [10,  2,  7,  5,  5],
    [ 5, 10,  2,  7,  5],
    [ 5,  5, 10,  2,  7],
    [ 7,  5,  5, 10,  2]], order=2^8)
inv:
GF([[ 84, 111,  95,  47, 140],
    [140,  84, 111,  95,  47],
    [ 47, 140,  84, 111,  95],
    [ 95,  47, 140,  84, 111],
    [111,  95,  47, 140,  84]], order=2^8)
===================================
Comparing to photon_5x5
- beats xtime_enc: 50 vs 52
