xor_enc: 35
xtime_enc: 55
=========
xor_dec: 95
xtime_dec: 130
=========
xor_sum: 130
xtime_sum: 185
mat:
GF([[ 2,  5,  6, 10,  8],
    [ 8,  2,  5,  6, 10],
    [10,  8,  2,  5,  6],
    [ 6, 10,  8,  2,  5],
    [ 5,  6, 10,  8,  2]], order=2^8)
inv:
GF([[ 49,   5,  85, 126, 233],
    [233,  49,   5,  85, 126],
    [126, 233,  49,   5,  85],
    [ 85, 126, 233,  49,   5],
    [  5,  85, 126, 233,  49]], order=2^8)
===================================
Comparing to photon_5x5
- beats xor_enc: 35 vs 44
