xor_enc: 40
xtime_enc: 55
=========
xor_dec: 90
xtime_dec: 165
=========
xor_sum: 130
xtime_sum: 220
mat:
GF([[ 1, 10,  7, 10,  8],
    [ 8,  1, 10,  7, 10],
    [10,  8,  1, 10,  7],
    [ 7, 10,  8,  1, 10],
    [10,  7, 10,  8,  1]], order=2^8)
inv:
GF([[122,  80, 204, 209, 210],
    [210, 122,  80, 204, 209],
    [209, 210, 122,  80, 204],
    [204, 209, 210, 122,  80],
    [ 80, 204, 209, 210, 122]], order=2^8)
===================================
Comparing to photon_5x5
- beats xor_enc: 40 vs 44
