xor_enc: 50
xtime_enc: 50
=========
xor_dec: 75
xtime_dec: 125
=========
xor_sum: 125
xtime_sum: 175
mat:
GF([[ 2, 10,  5,  7,  7],
    [ 7,  2, 10,  5,  7],
    [ 7,  7,  2, 10,  5],
    [ 5,  7,  7,  2, 10],
    [10,  5,  7,  7,  2]], order=2^8)
inv:
GF([[118,  37,  51, 133,   4],
    [  4, 118,  37,  51, 133],
    [133,   4, 118,  37,  51],
    [ 51, 133,   4, 118,  37],
    [ 37,  51, 133,   4, 118]], order=2^8)
===================================
Comparing to photon_5x5
- beats xtime_enc: 50 vs 52
