xor_enc: 45
xtime_enc: 45
=========
xor_dec: 90
xtime_dec: 155
=========
xor_sum: 135
xtime_sum: 200
mat:
GF([[ 3,  3, 10,  7,  4],
    [ 4,  3,  3, 10,  7],
    [ 7,  4,  3,  3, 10],
    [10,  7,  4,  3,  3],
    [ 3, 10,  7,  4,  3]], order=2^8)
inv:
GF([[ 47, 133,  72, 252,  81],
    [ 81,  47, 133,  72, 252],
    [252,  81,  47, 133,  72],
    [ 72, 252,  81,  47, 133],
    [133,  72, 252,  81,  47]], order=2^8)
===================================
Comparing to photon_5x5
- beats xtime_enc: 45 vs 52
