xor_enc: 35
xtime_enc: 60
=========
xor_dec: 90
xtime_dec: 155
=========
xor_sum: 125
xtime_sum: 215
mat:
GF([[ 2,  5, 10,  8,  9],
    [ 9,  2,  5, 10,  8],
    [ 8,  9,  2,  5, 10],
    [10,  8,  9,  2,  5],
    [ 5, 10,  8,  9,  2]], order=2^8)
inv:
GF([[ 35, 177, 181, 163,  52],
    [ 52,  35, 177, 181, 163],
    [163,  52,  35, 177, 181],
    [181, 163,  52,  35, 177],
    [177, 181, 163,  52,  35]], order=2^8)
===================================
Comparing to photon_5x5
- beats xor_enc: 35 vs 44
