xor_enc: 30
xtime_enc: 55
=========
xor_dec: 75
xtime_dec: 135
=========
xor_sum: 105
xtime_sum: 190
mat:
GF([[ 2,  6,  8,  4, 10],
    [10,  2,  6,  8,  4],
    [ 4, 10,  2,  6,  8],
    [ 8,  4, 10,  2,  6],
    [ 6,  8,  4, 10,  2]], order=2^8)
inv:
GF([[ 70,  16, 180, 118,  25],
    [ 25,  70,  16, 180, 118],
    [118,  25,  70,  16, 180],
    [180, 118,  25,  70,  16],
    [ 16, 180, 118,  25,  70]], order=2^8)
===================================
Comparing to photon_5x5
- beats xor_enc: 30 vs 44
