xor_enc: 30
xtime_enc: 55
=========
xor_dec: 90
xtime_dec: 145
=========
xor_sum: 120
xtime_sum: 200
mat:
GF([[ 1,  9,  8, 10,  4],
    [ 4,  1,  9,  8, 10],
    [10,  4,  1,  9,  8],
    [ 8, 10,  4,  1,  9],
    [ 9,  8, 10,  4,  1]], order=2^8)
inv:
GF([[225, 177,   7, 113, 195],
    [195, 225, 177,   7, 113],
    [113, 195, 225, 177,   7],
    [  7, 113, 195, 225, 177],
    [177,   7, 113, 195, 225]], order=2^8)
===================================
Comparing to photon_5x5
- beats xor_enc: 30 vs 44
