xor_enc: 45
xtime_enc: 50
=========
xor_dec: 100
xtime_dec: 165
=========
xor_sum: 145
xtime_sum: 215
mat:
GF([[ 2, 10,  7,  5,  5],
    [ 5,  2, 10,  7,  5],
    [ 5,  5,  2, 10,  7],
    [ 7,  5,  5,  2, 10],
    [10,  7,  5,  5,  2]], order=2^8)
inv:
GF([[ 66, 254, 211,  65, 233],
    [233,  66, 254, 211,  65],
    [ 65, 233,  66, 254, 211],
    [211,  65, 233,  66, 254],
    [254, 211,  65, 233,  66]], order=2^8)
===================================
Comparing to photon_5x5
- beats xtime_enc: 50 vs 52
