xor_enc: 30
xtime_enc: 55
=========
xor_dec: 135
xtime_dec: 155
=========
xor_sum: 165
xtime_sum: 210
mat:
GF([[ 1, 10, 10,  8,  4],
    [ 4,  1, 10, 10,  8],
    [ 8,  4,  1, 10, 10],
    [10,  8,  4,  1, 10],
    [10, 10,  8,  4,  1]], order=2^8)
inv:
GF([[ 18, 172, 255, 255,  95],
    [ 95,  18, 172, 255, 255],
    [255,  95,  18, 172, 255],
    [255, 255,  95,  18, 172],
    [172, 255, 255,  95,  18]], order=2^8)
===================================
Comparing to photon_5x5
- beats xor_enc: 30 vs 44
