xor_enc: 45
xtime_enc: 45
=========
xor_dec: 110
xtime_dec: 140
=========
xor_sum: 155
xtime_sum: 185
mat:
GF([[ 1,  6,  6, 10,  7],
    [ 7,  1,  6,  6, 10],
    [10,  7,  1,  6,  6],
    [ 6, 10,  7,  1,  6],
    [ 6,  6, 10,  7,  1]], order=2^8)
inv:
GF([[ 95,  21,  63, 162, 103],
    [103,  95,  21,  63, 162],
    [162, 103,  95,  21,  63],
    [ 63, 162, 103,  95,  21],
    [ 21,  63, 162, 103,  95]], order=2^8)
===================================
Comparing to photon_5x5
- beats xtime_enc: 45 vs 52
