xor_enc: 40
xtime_enc: 55
=========
xor_dec: 75
xtime_dec: 115
=========
xor_sum: 115
xtime_sum: 170
mat:
GF([[ 2,  9, 10,  3, 10],
    [10,  2,  9, 10,  3],
    [ 3, 10,  2,  9, 10],
    [10,  3, 10,  2,  9],
    [ 9, 10,  3, 10,  2]], order=2^8)
inv:
GF([[ 58,  40,   6, 238,  18],
    [ 18,  58,  40,   6, 238],
    [238,  18,  58,  40,   6],
    [  6, 238,  18,  58,  40],
    [ 40,   6, 238,  18,  58]], order=2^8)
===================================
Comparing to photon_5x5
- beats xor_enc: 40 vs 44
