xor_enc: 45
xtime_enc: 40
=========
xor_dec: 90
xtime_dec: 145
=========
xor_sum: 135
xtime_sum: 185
mat:
GF([[ 3,  2, 10,  7,  3],
    [ 3,  3,  2, 10,  7],
    [ 7,  3,  3,  2, 10],
    [10,  7,  3,  3,  2],
    [ 2, 10,  7,  3,  3]], order=2^8)
inv:
GF([[117,  66, 249,  49,  56],
    [ 56, 117,  66, 249,  49],
    [ 49,  56, 117,  66, 249],
    [249,  49,  56, 117,  66],
    [ 66, 249,  49,  56, 117]], order=2^8)
===================================
Comparing to photon_5x5
- beats xtime_enc: 40 vs 52
