xor_enc: 40
xtime_enc: 55
=========
xor_dec: 100
xtime_dec: 155
=========
xor_sum: 140
xtime_sum: 210
mat:
GF([[ 2,  5,  9, 10,  5],
    [ 5,  2,  5,  9, 10],
    [10,  5,  2,  5,  9],
    [ 9, 10,  5,  2,  5],
    [ 5,  9, 10,  5,  2]], order=2^8)
inv:
GF([[ 66,  51, 245,  86, 211],
    [211,  66,  51, 245,  86],
    [ 86, 211,  66,  51, 245],
    [245,  86, 211,  66,  51],
    [ 51, 245,  86, 211,  66]], order=2^8)
===================================
Comparing to photon_5x5
- beats xor_enc: 40 vs 44
