xor_enc: 45
xtime_enc: 50
=========
xor_dec: 110
xtime_dec: 150
=========
xor_sum: 155
xtime_sum: 200
mat:
GF([[ 2,  5, 10,  7,  5],
    [ 5,  2,  5, 10,  7],
    [ 7,  5,  2,  5, 10],
    [10,  7,  5,  2,  5],
    [ 5, 10,  7,  5,  2]], order=2^8)
inv:
GF([[ 84,  95, 140, 111,  47],
    [ 47,  84,  95, 140, 111],
    [111,  47,  84,  95, 140],
    [140, 111,  47,  84,  95],
    [ 95, 140, 111,  47,  84]], order=2^8)
===================================
Comparing to photon_5x5
- beats xtime_enc: 50 vs 52
