xor_enc: 30
xtime_enc: 60
=========
xor_dec: 65
xtime_dec: 120
=========
xor_sum: 95
xtime_sum: 180
mat:
GF([[ 2,  8,  9, 10,  4],
    [ 4,  2,  8,  9, 10],
    [10,  4,  2,  8,  9],
    [ 9, 10,  4,  2,  8],
    [ 8,  9, 10,  4,  2]], order=2^8)
inv:
GF([[ 85,  28,   2, 232,  66],
    [ 66,  85,  28,   2, 232],
    [232,  66,  85,  28,   2],
    [  2, 232,  66,  85,  28],
    [ 28,   2, 232,  66,  85]], order=2^8)
===================================
Comparing to photon_5x5
- beats xor_enc: 30 vs 44
