xor_enc: 35
xtime_enc: 55
=========
xor_dec: 90
xtime_dec: 155
=========
xor_sum: 125
xtime_sum: 210
mat:
GF([[ 2,  8, 10,  3, 10],
    [10,  2,  8, 10,  3],
    [ 3, 10,  2,  8, 10],
    [10,  3, 10,  2,  8],
    [ 8, 10,  3, 10,  2]], order=2^8)
inv:
GF([[ 99, 158,  40,  92, 198],
    [198,  99, 158,  40,  92],
    [ 92, 198,  99, 158,  40],
    [ 40,  92, 198,  99, 158],
    [158,  40,  92, 198,  99]], order=2^8)
===================================
Comparing to photon_5x5
- beats xor_enc: 35 vs 44
