xor_enc: 30
xtime_enc: 55
=========
xor_dec: 105
xtime_dec: 155
=========
xor_sum: 135
xtime_sum: 210
mat:
GF([[ 2, 10,  8,  3,  8],
    [ 8,  2, 10,  8,  3],
    [ 3,  8,  2, 10,  8],
    [ 8,  3,  8,  2, 10],
    [10,  8,  3,  8,  2]], order=2^8)
inv:
GF([[193, 191,  72, 233,  31],
    [ 31, 193, 191,  72, 233],
    [233,  31, 193, 191,  72],
    [ 72, 233,  31, 193, 191],
    [191,  72, 233,  31, 193]], order=2^8)
===================================
Comparing to photon_5x5
- beats xor_enc: 30 vs 44
