xor_enc: 40
xtime_enc: 55
=========
xor_dec: 85
xtime_dec: 150
=========
xor_sum: 125
xtime_sum: 205
mat:
GF([[ 1,  9, 10, 10,  5],
    [ 5,  1,  9, 10, 10],
    [10,  5,  1,  9, 10],
    [10, 10,  5,  1,  9],
    [ 9, 10, 10,  5,  1]], order=2^8)
inv:
GF([[207,  27, 146, 135,  32],
    [ 32, 207,  27, 146, 135],
    [135,  32, 207,  27, 146],
    [146, 135,  32, 207,  27],
    [ 27, 146, 135,  32, 207]], order=2^8)
===================================
Comparing to photon_5x5
- beats xor_enc: 40 vs 44
