xor_enc: 30
xtime_enc: 60
=========
xor_dec: 110
xtime_dec: 155
=========
xor_sum: 140
xtime_sum: 215
mat:
GF([[ 2,  8, 10,  6,  8],
    [ 8,  2,  8, 10,  6],
    [ 6,  8,  2,  8, 10],
    [10,  6,  8,  2,  8],
    [ 8, 10,  6,  8,  2]], order=2^8)
inv:
GF([[ 79,  29, 242, 180, 241],
    [241,  79,  29, 242, 180],
    [180, 241,  79,  29, 242],
    [242, 180, 241,  79,  29],
    [ 29, 242, 180, 241,  79]], order=2^8)
===================================
Comparing to photon_5x5
- beats xor_enc: 30 vs 44
