xor_enc: 35
xtime_enc: 60
=========
xor_dec: 55
xtime_dec: 165
=========
xor_sum: 90
xtime_sum: 225
mat:
GF([[ 1,  9, 10,  9,  8],
    [ 8,  1,  9, 10,  9],
    [ 9,  8,  1,  9, 10],
    [10,  9,  8,  1,  9],
    [ 9, 10,  9,  8,  1]], order=2^8)
inv:
GF([[102, 128,  96, 128, 240],
    [240, 102, 128,  96, 128],
    [128, 240, 102, 128,  96],
    [ 96, 128, 240, 102, 128],
    [128,  96, 128, 240, 102]], order=2^8)
===================================
Comparing to photon_5x5
- beats xor_enc: 35 vs 44
