xor_enc: 35
xtime_enc: 60
=========
xor_dec: 90
xtime_dec: 130
=========
xor_sum: 125
xtime_sum: 190
mat:
GF([[ 2,  9,  4,  9, 10],
    [10,  2,  9,  4,  9],
    [ 9, 10,  2,  9,  4],
    [ 4,  9, 10,  2,  9],
    [ 9,  4,  9, 10,  2]], order=2^8)
inv:
GF([[177,  25,  13, 124, 105],
    [105, 177,  25,  13, 124],
    [124, 105, 177,  25,  13],
    [ 13, 124, 105, 177,  25],
    [ 25,  13, 124, 105, 177]], order=2^8)
===================================
Comparing to photon_5x5
- beats xor_enc: 35 vs 44
