xor_enc: 35
xtime_enc: 60
=========
xor_dec: 120
xtime_dec: 165
=========
xor_sum: 155
xtime_sum: 225
mat:
GF([[ 2, 10,  4,  9, 10],
    [10,  2, 10,  4,  9],
    [ 9, 10,  2, 10,  4],
    [ 4,  9, 10,  2, 10],
    [10,  4,  9, 10,  2]], order=2^8)
inv:
GF([[241, 188,  95, 124, 169],
    [169, 241, 188,  95, 124],
    [124, 169, 241, 188,  95],
    [ 95, 124, 169, 241, 188],
    [188,  95, 124, 169, 241]], order=2^8)
===================================
Comparing to photon_5x5
- beats xor_enc: 35 vs 44
