xor_enc: 30
xtime_enc: 60
=========
xor_dec: 85
xtime_dec: 130
=========
xor_sum: 115
xtime_sum: 190
mat:
GF([[ 1,  8, 10,  8,  9],
    [ 9,  1,  8, 10,  8],
    [ 8,  9,  1,  8, 10],
    [10,  8,  9,  1,  8],
    [ 8, 10,  8,  9,  1]], order=2^8)
inv:
GF([[ 12,  22,  88, 178, 125],
    [125,  12,  22,  88, 178],
    [178, 125,  12,  22,  88],
    [ 88, 178, 125,  12,  22],
    [ 22,  88, 178, 125,  12]], order=2^8)
===================================
Comparing to photon_5x5
- beats xor_enc: 30 vs 44
