xor_enc: 35
xtime_enc: 55
=========
xor_dec: 70
xtime_dec: 165
=========
xor_sum: 105
xtime_sum: 220
mat:
GF([[ 1,  9,  6,  8, 10],
    [10,  1,  9,  6,  8],
    [ 8, 10,  1,  9,  6],
    [ 6,  8, 10,  1,  9],
    [ 9,  6,  8, 10,  1]], order=2^8)
inv:
GF([[192,  68, 205,  80, 169],
    [169, 192,  68, 205,  80],
    [ 80, 169, 192,  68, 205],
    [205,  80, 169, 192,  68],
    [ 68, 205,  80, 169, 192]], order=2^8)
===================================
Comparing to photon_5x5
- beats xor_enc: 35 vs 44
