xor_enc: 45
xtime_enc: 45
=========
xor_dec: 100
xtime_dec: 175
=========
xor_sum: 145
xtime_sum: 220
mat:
GF([[ 1,  5, 10,  7,  6],
    [ 6,  1,  5, 10,  7],
    [ 7,  6,  1,  5, 10],
    [10,  7,  6,  1,  5],
    [ 5, 10,  7,  6,  1]], order=2^8)
inv:
GF([[197, 250, 212, 204, 224],
    [224, 197, 250, 212, 204],
    [204, 224, 197, 250, 212],
    [212, 204, 224, 197, 250],
    [250, 212, 204, 224, 197]], order=2^8)
===================================
Comparing to photon_5x5
- beats xtime_enc: 45 vs 52
