xor_enc: 35
xtime_enc: 60
=========
xor_dec: 110
xtime_dec: 160
=========
xor_sum: 145
xtime_sum: 220
mat:
GF([[ 2, 10, 10,  5,  8],
    [ 8,  2, 10, 10,  5],
    [ 5,  8,  2, 10, 10],
    [10,  5,  8,  2, 10],
    [10, 10,  5,  8,  2]], order=2^8)
inv:
GF([[ 56, 166, 157, 121, 189],
    [189,  56, 166, 157, 121],
    [121, 189,  56, 166, 157],
    [157, 121, 189,  56, 166],
    [166, 157, 121, 189,  56]], order=2^8)
===================================
Comparing to photon_5x5
- beats xor_enc: 35 vs 44
