xor_enc: 40
xtime_enc: 55
=========
xor_dec: 65
xtime_dec: 165
=========
xor_sum: 105
xtime_sum: 220
mat:
GF([[ 2,  6,  9, 10,  5],
    [ 5,  2,  6,  9, 10],
    [10,  5,  2,  6,  9],
    [ 9, 10,  5,  2,  6],
    [ 6,  9, 10,  5,  2]], order=2^8)
inv:
GF([[131, 136, 139,  72,  69],
    [ 69, 131, 136, 139,  72],
    [ 72,  69, 131, 136, 139],
    [139,  72,  69, 131, 136],
    [136, 139,  72,  69, 131]], order=2^8)
===================================
Comparing to photon_5x5
- beats xor_enc: 40 vs 44
