xor_enc: 35
xtime_enc: 55
=========
xor_dec: 100
xtime_dec: 160
=========
xor_sum: 135
xtime_sum: 215
mat:
GF([[ 1, 10, 10,  5,  8],
    [ 8,  1, 10, 10,  5],
    [ 5,  8,  1, 10, 10],
    [10,  5,  8,  1, 10],
    [10, 10,  5,  8,  1]], order=2^8)
inv:
GF([[239, 180,  64, 151,  60],
    [ 60, 239, 180,  64, 151],
    [151,  60, 239, 180,  64],
    [ 64, 151,  60, 239, 180],
    [180,  64, 151,  60, 239]], order=2^8)
===================================
Comparing to photon_5x5
- beats xor_enc: 35 vs 44
