xor_enc: 30
xtime_enc: 55
=========
xor_dec: 90
xtime_dec: 135
=========
xor_sum: 120
xtime_sum: 190
mat:
GF([[ 1,  5,  8, 10,  8],
    [ 8,  1,  5,  8, 10],
    [10,  8,  1,  5,  8],
    [ 8, 10,  8,  1,  5],
    [ 5,  8, 10,  8,  1]], order=2^8)
inv:
GF([[105,  12,  57,  91, 226],
    [226, 105,  12,  57,  91],
    [ 91, 226, 105,  12,  57],
    [ 57,  91, 226, 105,  12],
    [ 12,  57,  91, 226, 105]], order=2^8)
===================================
Comparing to photon_5x5
- beats xor_enc: 30 vs 44
