xor_enc: 40
xtime_enc: 55
=========
xor_dec: 95
xtime_dec: 130
=========
xor_sum: 135
xtime_sum: 185
mat:
GF([[ 1, 10,  8,  9,  7],
    [ 7,  1, 10,  8,  9],
    [ 9,  7,  1, 10,  8],
    [ 8,  9,  7,  1, 10],
    [10,  8,  9,  7,  1]], order=2^8)
inv:
GF([[ 34,  21, 222,  54,  62],
    [ 62,  34,  21, 222,  54],
    [ 54,  62,  34,  21, 222],
    [222,  54,  62,  34,  21],
    [ 21, 222,  54,  62,  34]], order=2^8)
===================================
Comparing to photon_5x5
- beats xor_enc: 40 vs 44
