xor_enc: 30
xtime_enc: 55
=========
xor_dec: 115
xtime_dec: 175
=========
xor_sum: 145
xtime_sum: 230
mat:
GF([[ 1, 10,  8,  8,  6],
    [ 6,  1, 10,  8,  8],
    [ 8,  6,  1, 10,  8],
    [ 8,  8,  6,  1, 10],
    [10,  8,  8,  6,  1]], order=2^8)
inv:
GF([[249, 150, 168, 245, 211],
    [211, 249, 150, 168, 245],
    [245, 211, 249, 150, 168],
    [168, 245, 211, 249, 150],
    [150, 168, 245, 211, 249]], order=2^8)
===================================
Comparing to photon_5x5
- beats xor_enc: 30 vs 44
