xor_enc: 45
xtime_enc: 50
=========
xor_dec: 95
xtime_dec: 150
=========
xor_sum: 140
xtime_sum: 200
mat:
GF([[ 2,  7,  3, 10, 10],
    [10,  2,  7,  3, 10],
    [10, 10,  2,  7,  3],
    [ 3, 10, 10,  2,  7],
    [ 7,  3, 10, 10,  2]], order=2^8)
inv:
GF([[147,  93,  17, 110, 202],
    [202, 147,  93,  17, 110],
    [110, 202, 147,  93,  17],
    [ 17, 110, 202, 147,  93],
    [ 93,  17, 110, 202, 147]], order=2^8)
===================================
Comparing to photon_5x5
- beats xtime_enc: 50 vs 52
