xor_enc: 35
xtime_enc: 55
=========
xor_dec: 90
xtime_dec: 145
=========
xor_sum: 125
xtime_sum: 200
mat:
GF([[ 2,  3,  9, 10,  8],
    [ 8,  2,  3,  9, 10],
    [10,  8,  2,  3,  9],
    [ 9, 10,  8,  2,  3],
    [ 3,  9, 10,  8,  2]], order=2^8)
inv:
GF([[236, 125, 145,  57,  16],
    [ 16, 236, 125, 145,  57],
    [ 57,  16, 236, 125, 145],
    [145,  57,  16, 236, 125],
    [125, 145,  57,  16, 236]], order=2^8)
===================================
Comparing to photon_5x5
- beats xor_enc: 35 vs 44
