xor_enc: 30
xtime_enc: 60
=========
xor_dec: 125
xtime_dec: 155
=========
xor_sum: 155
xtime_sum: 215
mat:
GF([[ 2, 10,  9,  4,  8],
    [ 8,  2, 10,  9,  4],
    [ 4,  8,  2, 10,  9],
    [ 9,  4,  8,  2, 10],
    [10,  9,  4,  8,  2]], order=2^8)
inv:
GF([[ 33, 215,  59, 211, 255],
    [255,  33, 215,  59, 211],
    [211, 255,  33, 215,  59],
    [ 59, 211, 255,  33, 215],
    [215,  59, 211, 255,  33]], order=2^8)
===================================
Comparing to photon_5x5
- beats xor_enc: 30 vs 44
