xor_enc: 45
xtime_enc: 50
=========
xor_dec: 80
xtime_dec: 135
=========
xor_sum: 125
xtime_sum: 185
mat:
GF([[ 2,  9,  3,  7, 10],
    [10,  2,  9,  3,  7],
    [ 7, 10,  2,  9,  3],
    [ 3,  7, 10,  2,  9],
    [ 9,  3,  7, 10,  2]], order=2^8)
inv:
GF([[ 27,  89,   8, 201, 209],
    [209,  27,  89,   8, 201],
    [201, 209,  27,  89,   8],
    [  8, 201, 209,  27,  89],
    [ 89,   8, 201, 209,  27]], order=2^8)
===================================
Comparing to photon_5x5
- beats xtime_enc: 50 vs 52
