xor_enc: 40
xtime_enc: 55
=========
xor_dec: 75
xtime_dec: 130
=========
xor_sum: 115
xtime_sum: 185
mat:
GF([[ 1,  9, 10,  8,  7],
    [ 7,  1,  9, 10,  8],
    [ 8,  7,  1,  9, 10],
    [10,  8,  7,  1,  9],
    [ 9, 10,  8,  7,  1]], order=2^8)
inv:
GF([[ 38, 200,  36,  22,  61],
    [ 61,  38, 200,  36,  22],
    [ 22,  61,  38, 200,  36],
    [ 36,  22,  61,  38, 200],
    [200,  36,  22,  61,  38]], order=2^8)
===================================
Comparing to photon_5x5
- beats xor_enc: 40 vs 44
