xor_enc: 50
xtime_enc: 45
=========
xor_dec: 95
xtime_dec: 125
=========
xor_sum: 145
xtime_sum: 170
mat:
GF([[ 1,  7,  6,  7, 10],
    [10,  1,  7,  6,  7],
    [ 7, 10,  1,  7,  6],
    [ 6,  7, 10,  1,  7],
    [ 7,  6,  7, 10,  1]], order=2^8)
inv:
GF([[175,  65,   5,  63,  53],
    [ 53, 175,  65,   5,  63],
    [ 63,  53, 175,  65,   5],
    [  5,  63,  53, 175,  65],
    [ 65,   5,  63,  53, 175]], order=2^8)
===================================
Comparing to photon_5x5
- beats xtime_enc: 45 vs 52
