xor_enc: 40
xtime_enc: 55
=========
xor_dec: 85
xtime_dec: 110
=========
xor_sum: 125
xtime_sum: 165
mat:
GF([[ 2,  7,  5,  8, 10],
    [10,  2,  7,  5,  8],
    [ 8, 10,  2,  7,  5],
    [ 5,  8, 10,  2,  7],
    [ 7,  5,  8, 10,  2]], order=2^8)
inv:
GF([[183,   2,  71,   4, 123],
    [123, 183,   2,  71,   4],
    [  4, 123, 183,   2,  71],
    [ 71,   4, 123, 183,   2],
    [  2,  71,   4, 123, 183]], order=2^8)
===================================
Comparing to photon_5x5
- beats xor_enc: 40 vs 44
