xor_enc: 45
xtime_enc: 40
=========
xor_dec: 100
xtime_dec: 160
=========
xor_sum: 145
xtime_sum: 200
mat:
GF([[ 1, 10,  3,  6,  7],
    [ 7,  1, 10,  3,  6],
    [ 6,  7,  1, 10,  3],
    [ 3,  6,  7,  1, 10],
    [10,  3,  6,  7,  1]], order=2^8)
inv:
GF([[184, 248,  17, 236, 242],
    [242, 184, 248,  17, 236],
    [236, 242, 184, 248,  17],
    [ 17, 236, 242, 184, 248],
    [248,  17, 236, 242, 184]], order=2^8)
===================================
Comparing to photon_5x5
- beats xtime_enc: 40 vs 52
