xor_enc: 40
xtime_enc: 55
=========
xor_dec: 85
xtime_dec: 150
=========
xor_sum: 125
xtime_sum: 205
mat:
GF([[ 1, 10,  9,  6,  9],
    [ 9,  1, 10,  9,  6],
    [ 6,  9,  1, 10,  9],
    [ 9,  6,  9,  1, 10],
    [10,  9,  6,  9,  1]], order=2^8)
inv:
GF([[ 81, 110,  91, 164,  33],
    [ 33,  81, 110,  91, 164],
    [164,  33,  81, 110,  91],
    [ 91, 164,  33,  81, 110],
    [110,  91, 164,  33,  81]], order=2^8)
===================================
Comparing to photon_5x5
- beats xor_enc: 40 vs 44
