xor_enc: 35
xtime_enc: 60
=========
xor_dec: 90
xtime_dec: 155
=========
xor_sum: 125
xtime_sum: 215
mat:
GF([[ 2,  9,  8, 10,  5],
    [ 5,  2,  9,  8, 10],
    [10,  5,  2,  9,  8],
    [ 8, 10,  5,  2,  9],
    [ 9,  8, 10,  5,  2]], order=2^8)
inv:
GF([[ 35,  52, 163, 181, 177],
    [177,  35,  52, 163, 181],
    [181, 177,  35,  52, 163],
    [163, 181, 177,  35,  52],
    [ 52, 163, 181, 177,  35]], order=2^8)
===================================
Comparing to photon_5x5
- beats xor_enc: 35 vs 44
