xor_enc: 40
xtime_enc: 60
=========
xor_dec: 90
xtime_dec: 145
=========
xor_sum: 130
xtime_sum: 205
mat:
GF([[ 2,  8,  9,  7, 10],
    [10,  2,  8,  9,  7],
    [ 7, 10,  2,  8,  9],
    [ 9,  7, 10,  2,  8],
    [ 8,  9,  7, 10,  2]], order=2^8)
inv:
GF([[165, 105, 184,   6, 151],
    [151, 165, 105, 184,   6],
    [  6, 151, 165, 105, 184],
    [184,   6, 151, 165, 105],
    [105, 184,   6, 151, 165]], order=2^8)
===================================
Comparing to photon_5x5
- beats xor_enc: 40 vs 44
