xor_enc: 40
xtime_enc: 55
=========
xor_dec: 110
xtime_dec: 145
=========
xor_sum: 150
xtime_sum: 200
mat:
GF([[ 1,  9, 10, 10,  6],
    [ 6,  1,  9, 10, 10],
    [10,  6,  1,  9, 10],
    [10, 10,  6,  1,  9],
    [ 9, 10, 10,  6,  1]], order=2^8)
inv:
GF([[149, 191, 190,   5, 116],
    [116, 149, 191, 190,   5],
    [  5, 116, 149, 191, 190],
    [190,   5, 116, 149, 191],
    [191, 190,   5, 116, 149]], order=2^8)
===================================
Comparing to photon_5x5
- beats xor_enc: 40 vs 44
