xor_enc: 45
xtime_enc: 50
=========
xor_dec: 80
xtime_dec: 145
=========
xor_sum: 125
xtime_sum: 195
mat:
GF([[ 2,  4,  7,  7, 10],
    [10,  2,  4,  7,  7],
    [ 7, 10,  2,  4,  7],
    [ 7,  7, 10,  2,  4],
    [ 4,  7,  7, 10,  2]], order=2^8)
inv:
GF([[135, 180,  46, 161,  12],
    [ 12, 135, 180,  46, 161],
    [161,  12, 135, 180,  46],
    [ 46, 161,  12, 135, 180],
    [180,  46, 161,  12, 135]], order=2^8)
===================================
Comparing to photon_5x5
- beats xtime_enc: 50 vs 52
