xor_enc: 30
xtime_enc: 55
=========
xor_dec: 105
xtime_dec: 160
=========
xor_sum: 135
xtime_sum: 215
mat:
GF([[ 1,  4, 10, 10,  8],
    [ 8,  1,  4, 10, 10],
    [10,  8,  1,  4, 10],
    [10, 10,  8,  1,  4],
    [ 4, 10, 10,  8,  1]], order=2^8)
inv:
GF([[198, 215, 108, 170,  54],
    [ 54, 198, 215, 108, 170],
    [170,  54, 198, 215, 108],
    [108, 170,  54, 198, 215],
    [215, 108, 170,  54, 198]], order=2^8)
===================================
Comparing to photon_5x5
- beats xor_enc: 30 vs 44
