xor_enc: 40
xtime_enc: 55
=========
xor_dec: 95
xtime_dec: 155
=========
xor_sum: 135
xtime_sum: 210
mat:
GF([[ 2, 10,  3,  9,  9],
    [ 9,  2, 10,  3,  9],
    [ 9,  9,  2, 10,  3],
    [ 3,  9,  9,  2, 10],
    [10,  3,  9,  9,  2]], order=2^8)
inv:
GF([[101,  18, 206, 227, 154],
    [154, 101,  18, 206, 227],
    [227, 154, 101,  18, 206],
    [206, 227, 154, 101,  18],
    [ 18, 206, 227, 154, 101]], order=2^8)
===================================
Comparing to photon_5x5
- beats xor_enc: 40 vs 44
