xor_enc: 45
xtime_enc: 45
=========
xor_dec: 100
xtime_dec: 155
=========
xor_sum: 145
xtime_sum: 200
mat:
GF([[ 3,  2, 10,  7,  5],
    [ 5,  3,  2, 10,  7],
    [ 7,  5,  3,  2, 10],
    [10,  7,  5,  3,  2],
    [ 2, 10,  7,  5,  3]], order=2^8)
inv:
GF([[170, 186, 239,   8, 184],
    [184, 170, 186, 239,   8],
    [  8, 184, 170, 186, 239],
    [239,   8, 184, 170, 186],
    [186, 239,   8, 184, 170]], order=2^8)
===================================
Comparing to photon_5x5
- beats xtime_enc: 45 vs 52
