xor_enc: 50
xtime_enc: 45
=========
xor_dec: 95
xtime_dec: 165
=========
xor_sum: 145
xtime_sum: 210
mat:
GF([[ 3,  3, 10,  6,  7],
    [ 7,  3,  3, 10,  6],
    [ 6,  7,  3,  3, 10],
    [10,  6,  7,  3,  3],
    [ 3, 10,  6,  7,  3]], order=2^8)
inv:
GF([[244, 182, 130,  78,  78],
    [ 78, 244, 182, 130,  78],
    [ 78,  78, 244, 182, 130],
    [130,  78,  78, 244, 182],
    [182, 130,  78,  78, 244]], order=2^8)
===================================
Comparing to photon_5x5
- beats xtime_enc: 45 vs 52
