xor_enc: 35
xtime_enc: 55
=========
xor_dec: 100
xtime_dec: 150
=========
xor_sum: 135
xtime_sum: 205
mat:
GF([[ 1, 10,  9,  9,  4],
    [ 4,  1, 10,  9,  9],
    [ 9,  4,  1, 10,  9],
    [ 9,  9,  4,  1, 10],
    [10,  9,  9,  4,  1]], order=2^8)
inv:
GF([[ 22, 172, 181,  38, 238],
    [238,  22, 172, 181,  38],
    [ 38, 238,  22, 172, 181],
    [181,  38, 238,  22, 172],
    [172, 181,  38, 238,  22]], order=2^8)
===================================
Comparing to photon_5x5
- beats xor_enc: 35 vs 44
