xor_enc: 35
xtime_enc: 60
=========
xor_dec: 100
xtime_dec: 160
=========
xor_sum: 135
xtime_sum: 220
mat:
GF([[ 2, 10,  5,  9,  8],
    [ 8,  2, 10,  5,  9],
    [ 9,  8,  2, 10,  5],
    [ 5,  9,  8,  2, 10],
    [10,  5,  9,  8,  2]], order=2^8)
inv:
GF([[176, 109,  38, 176, 251],
    [251, 176, 109,  38, 176],
    [176, 251, 176, 109,  38],
    [ 38, 176, 251, 176, 109],
    [109,  38, 176, 251, 176]], order=2^8)
===================================
Comparing to photon_5x5
- beats xor_enc: 35 vs 44
