xor_enc: 45
xtime_enc: 50
=========
xor_dec: 105
xtime_dec: 170
=========
xor_sum: 150
xtime_sum: 220
mat:
GF([[ 2,  7, 10,  3, 10],
    [10,  2,  7, 10,  3],
    [ 3, 10,  2,  7, 10],
    [10,  3, 10,  2,  7],
    [ 7, 10,  3, 10,  2]], order=2^8)
inv:
GF([[147, 206, 203, 152, 117],
    [117, 147, 206, 203, 152],
    [152, 117, 147, 206, 203],
    [203, 152, 117, 147, 206],
    [206, 203, 152, 117, 147]], order=2^8)
===================================
Comparing to photon_5x5
- beats xtime_enc: 50 vs 52
