xor_enc: 40
xtime_enc: 55
=========
xor_dec: 95
xtime_dec: 135
=========
xor_sum: 135
xtime_sum: 190
mat:
GF([[ 2, 10,  9,  7,  4],
    [ 4,  2, 10,  9,  7],
    [ 7,  4,  2, 10,  9],
    [ 9,  7,  4,  2, 10],
    [10,  9,  7,  4,  2]], order=2^8)
inv:
GF([[ 78, 226,   1, 213, 245],
    [245,  78, 226,   1, 213],
    [213, 245,  78, 226,   1],
    [  1, 213, 245,  78, 226],
    [226,   1, 213, 245,  78]], order=2^8)
===================================
Comparing to photon_5x5
- beats xor_enc: 40 vs 44
