xor_enc: 35
xtime_enc: 60
=========
xor_dec: 90
xtime_dec: 130
=========
xor_sum: 125
xtime_sum: 190
mat:
GF([[ 2,  9,  9, 10,  4],
    [ 4,  2,  9,  9, 10],
    [10,  4,  2,  9,  9],
    [ 9, 10,  4,  2,  9],
    [ 9,  9, 10,  4,  2]], order=2^8)
inv:
GF([[177, 124,  25, 105,  13],
    [ 13, 177, 124,  25, 105],
    [105,  13, 177, 124,  25],
    [ 25, 105,  13, 177, 124],
    [124,  25, 105,  13, 177]], order=2^8)
===================================
Comparing to photon_5x5
- beats xor_enc: 35 vs 44
