xor_enc: 50
xtime_enc: 45
=========
xor_dec: 105
xtime_dec: 140
=========
xor_sum: 155
xtime_sum: 185
mat:
GF([[ 1,  7, 10,  6,  7],
    [ 7,  1,  7, 10,  6],
    [ 6,  7,  1,  7, 10],
    [10,  6,  7,  1,  7],
    [ 7, 10,  6,  7,  1]], order=2^8)
inv:
GF([[ 76, 103, 127,  12, 185],
    [185,  76, 103, 127,  12],
    [ 12, 185,  76, 103, 127],
    [127,  12, 185,  76, 103],
    [103, 127,  12, 185,  76]], order=2^8)
===================================
Comparing to photon_5x5
- beats xtime_enc: 45 vs 52
