xor_enc: 35
xtime_enc: 55
=========
xor_dec: 90
xtime_dec: 155
=========
xor_sum: 125
xtime_sum: 210
mat:
GF([[ 1, 10,  8,  5, 10],
    [10,  1, 10,  8,  5],
    [ 5, 10,  1, 10,  8],
    [ 8,  5, 10,  1, 10],
    [10,  8,  5, 10,  1]], order=2^8)
inv:
GF([[ 96,  90, 101, 159, 112],
    [112,  96,  90, 101, 159],
    [159, 112,  96,  90, 101],
    [101, 159, 112,  96,  90],
    [ 90, 101, 159, 112,  96]], order=2^8)
===================================
Comparing to photon_5x5
- beats xor_enc: 35 vs 44
