xor_enc: 40
xtime_enc: 55
=========
xor_dec: 80
xtime_dec: 135
=========
xor_sum: 120
xtime_sum: 190
mat:
GF([[ 2,  7, 10,  8,  6],
    [ 6,  2,  7, 10,  8],
    [ 8,  6,  2,  7, 10],
    [10,  8,  6,  2,  7],
    [ 7, 10,  8,  6,  2]], order=2^8)
inv:
GF([[ 94,  77,   3, 208, 193],
    [193,  94,  77,   3, 208],
    [208, 193,  94,  77,   3],
    [  3, 208, 193,  94,  77],
    [ 77,   3, 208, 193,  94]], order=2^8)
===================================
Comparing to photon_5x5
- beats xor_enc: 40 vs 44
