xor_enc: 40
xtime_enc: 55
=========
xor_dec: 105
xtime_dec: 150
=========
xor_sum: 145
xtime_sum: 205
mat:
GF([[ 2,  5,  6, 10,  9],
    [ 9,  2,  5,  6, 10],
    [10,  9,  2,  5,  6],
    [ 6, 10,  9,  2,  5],
    [ 5,  6, 10,  9,  2]], order=2^8)
inv:
GF([[ 43, 171,  29, 198, 214],
    [214,  43, 171,  29, 198],
    [198, 214,  43, 171,  29],
    [ 29, 198, 214,  43, 171],
    [171,  29, 198, 214,  43]], order=2^8)
===================================
Comparing to photon_5x5
- beats xor_enc: 40 vs 44
