xor_enc: 40
xtime_enc: 55
=========
xor_dec: 85
xtime_dec: 115
=========
xor_sum: 125
xtime_sum: 170
mat:
GF([[ 2,  6,  5, 10,  9],
    [ 9,  2,  6,  5, 10],
    [10,  9,  2,  6,  5],
    [ 5, 10,  9,  2,  6],
    [ 6,  5, 10,  9,  2]], order=2^8)
inv:
GF([[ 12,  78, 227,  43,   7],
    [  7,  12,  78, 227,  43],
    [ 43,   7,  12,  78, 227],
    [227,  43,   7,  12,  78],
    [ 78, 227,  43,   7,  12]], order=2^8)
===================================
Comparing to photon_5x5
- beats xor_enc: 40 vs 44
