xor_enc: 35
xtime_enc: 60
=========
xor_dec: 100
xtime_dec: 160
=========
xor_sum: 135
xtime_sum: 220
mat:
GF([[ 2,  9,  5,  8, 10],
    [10,  2,  9,  5,  8],
    [ 8, 10,  2,  9,  5],
    [ 5,  8, 10,  2,  9],
    [ 9,  5,  8, 10,  2]], order=2^8)
inv:
GF([[243, 126, 196, 216,  33],
    [ 33, 243, 126, 196, 216],
    [216,  33, 243, 126, 196],
    [196, 216,  33, 243, 126],
    [126, 196, 216,  33, 243]], order=2^8)
===================================
Comparing to photon_5x5
- beats xor_enc: 35 vs 44
