xor_enc: 35
xtime_enc: 60
=========
xor_dec: 90
xtime_dec: 165
=========
xor_sum: 125
xtime_sum: 225
mat:
GF([[ 2, 10,  8,  5, 10],
    [10,  2, 10,  8,  5],
    [ 5, 10,  2, 10,  8],
    [ 8,  5, 10,  2, 10],
    [10,  8,  5, 10,  2]], order=2^8)
inv:
GF([[119, 200,  98, 184, 162],
    [162, 119, 200,  98, 184],
    [184, 162, 119, 200,  98],
    [ 98, 184, 162, 119, 200],
    [200,  98, 184, 162, 119]], order=2^8)
===================================
Comparing to photon_5x5
- beats xor_enc: 35 vs 44
