xor_enc: 35
xtime_enc: 55
=========
xor_dec: 90
xtime_dec: 165
=========
xor_sum: 125
xtime_sum: 220
mat:
GF([[ 1, 10,  6,  8, 10],
    [10,  1, 10,  6,  8],
    [ 8, 10,  1, 10,  6],
    [ 6,  8, 10,  1, 10],
    [10,  6,  8, 10,  1]], order=2^8)
inv:
GF([[ 82, 210, 120, 129, 190],
    [190,  82, 210, 120, 129],
    [129, 190,  82, 210, 120],
    [120, 129, 190,  82, 210],
    [210, 120, 129, 190,  82]], order=2^8)
===================================
Comparing to photon_5x5
- beats xor_enc: 35 vs 44
