xor_enc: 35
xtime_enc: 55
=========
xor_dec: 90
xtime_dec: 165
=========
xor_sum: 125
xtime_sum: 220
mat:
GF([[ 1,  6, 10, 10,  8],
    [ 8,  1,  6, 10, 10],
    [10,  8,  1,  6, 10],
    [10, 10,  8,  1,  6],
    [ 6, 10, 10,  8,  1]], order=2^8)
inv:
GF([[ 82, 120, 190, 210, 129],
    [129,  82, 120, 190, 210],
    [210, 129,  82, 120, 190],
    [190, 210, 129,  82, 120],
    [120, 190, 210, 129,  82]], order=2^8)
===================================
Comparing to photon_5x5
- beats xor_enc: 35 vs 44
