xor_enc: 45
xtime_enc: 45
=========
xor_dec: 110
xtime_dec: 140
=========
xor_sum: 155
xtime_sum: 185
mat:
GF([[ 1,  6,  7,  6, 10],
    [10,  1,  6,  7,  6],
    [ 6, 10,  1,  6,  7],
    [ 7,  6, 10,  1,  6],
    [ 6,  7,  6, 10,  1]], order=2^8)
inv:
GF([[ 95,  63, 103,  21, 162],
    [162,  95,  63, 103,  21],
    [ 21, 162,  95,  63, 103],
    [103,  21, 162,  95,  63],
    [ 63, 103,  21, 162,  95]], order=2^8)
===================================
Comparing to photon_5x5
- beats xtime_enc: 45 vs 52
