xor_enc: 50
xtime_enc: 45
=========
xor_dec: 65
xtime_dec: 135
=========
xor_sum: 115
xtime_sum: 180
mat:
GF([[ 3,  3,  5,  7, 10],
    [10,  3,  3,  5,  7],
    [ 7, 10,  3,  3,  5],
    [ 5,  7, 10,  3,  3],
    [ 3,  5,  7, 10,  3]], order=2^8)
inv:
GF([[ 28,  65,  32, 168,  61],
    [ 61,  28,  65,  32, 168],
    [168,  61,  28,  65,  32],
    [ 32, 168,  61,  28,  65],
    [ 65,  32, 168,  61,  28]], order=2^8)
===================================
Comparing to photon_5x5
- beats xtime_enc: 45 vs 52
