xor_enc: 50
xtime_enc: 50
=========
xor_dec: 95
xtime_dec: 145
=========
xor_sum: 145
xtime_sum: 195
mat:
GF([[ 3,  3, 10,  7, 10],
    [10,  3,  3, 10,  7],
    [ 7, 10,  3,  3, 10],
    [10,  7, 10,  3,  3],
    [ 3, 10,  7, 10,  3]], order=2^8)
inv:
GF([[ 89,  51, 209,  51,  89],
    [ 89,  89,  51, 209,  51],
    [ 51,  89,  89,  51, 209],
    [209,  51,  89,  89,  51],
    [ 51, 209,  51,  89,  89]], order=2^8)
===================================
Comparing to photon_5x5
- beats xtime_enc: 50 vs 52
