xor_enc: 40
xtime_enc: 55
=========
xor_dec: 105
xtime_dec: 160
=========
xor_sum: 145
xtime_sum: 215
mat:
GF([[ 2,  8,  5,  7, 10],
    [10,  2,  8,  5,  7],
    [ 7, 10,  2,  8,  5],
    [ 5,  7, 10,  2,  8],
    [ 8,  5,  7, 10,  2]], order=2^8)
inv:
GF([[ 75, 209, 203, 225,  61],
    [ 61,  75, 209, 203, 225],
    [225,  61,  75, 209, 203],
    [203, 225,  61,  75, 209],
    [209, 203, 225,  61,  75]], order=2^8)
===================================
Comparing to photon_5x5
- beats xor_enc: 40 vs 44
