xor_enc: 45
xtime_enc: 45
=========
xor_dec: 120
xtime_dec: 150
=========
xor_sum: 165
xtime_sum: 195
mat:
GF([[ 1,  6, 10,  7,  5],
    [ 5,  1,  6, 10,  7],
    [ 7,  5,  1,  6, 10],
    [10,  7,  5,  1,  6],
    [ 6, 10,  7,  5,  1]], order=2^8)
inv:
GF([[ 31, 227,  53, 223, 209],
    [209,  31, 227,  53, 223],
    [223, 209,  31, 227,  53],
    [ 53, 223, 209,  31, 227],
    [227,  53, 223, 209,  31]], order=2^8)
===================================
Comparing to photon_5x5
- beats xtime_enc: 45 vs 52
