xor_enc: 30
xtime_enc: 55
=========
xor_dec: 90
xtime_dec: 155
=========
xor_sum: 120
xtime_sum: 210
mat:
GF([[ 2,  5,  4,  8, 10],
    [10,  2,  5,  4,  8],
    [ 8, 10,  2,  5,  4],
    [ 4,  8, 10,  2,  5],
    [ 5,  4,  8, 10,  2]], order=2^8)
inv:
GF([[ 53,  83, 128,  89, 190],
    [190,  53,  83, 128,  89],
    [ 89, 190,  53,  83, 128],
    [128,  89, 190,  53,  83],
    [ 83, 128,  89, 190,  53]], order=2^8)
===================================
Comparing to photon_5x5
- beats xor_enc: 30 vs 44
