xor_enc: 30
xtime_enc: 55
=========
xor_dec: 105
xtime_dec: 135
=========
xor_sum: 135
xtime_sum: 190
mat:
GF([[ 2,  8,  8,  3, 10],
    [10,  2,  8,  8,  3],
    [ 3, 10,  2,  8,  8],
    [ 8,  3, 10,  2,  8],
    [ 8,  8,  3, 10,  2]], order=2^8)
inv:
GF([[ 79,  50, 110,  15, 220],
    [220,  79,  50, 110,  15],
    [ 15, 220,  79,  50, 110],
    [110,  15, 220,  79,  50],
    [ 50, 110,  15, 220,  79]], order=2^8)
===================================
Comparing to photon_5x5
- beats xor_enc: 30 vs 44
