xor_enc: 40
xtime_enc: 60
=========
xor_dec: 85
xtime_dec: 160
=========
xor_sum: 125
xtime_sum: 220
mat:
GF([[ 2,  9, 10,  6, 10],
    [10,  2,  9, 10,  6],
    [ 6, 10,  2,  9, 10],
    [10,  6, 10,  2,  9],
    [ 9, 10,  6, 10,  2]], order=2^8)
inv:
GF([[230, 212,  69,  48, 166],
    [166, 230, 212,  69,  48],
    [ 48, 166, 230, 212,  69],
    [ 69,  48, 166, 230, 212],
    [212,  69,  48, 166, 230]], order=2^8)
===================================
Comparing to photon_5x5
- beats xor_enc: 40 vs 44
