xor_enc: 45
xtime_enc: 45
=========
xor_dec: 85
xtime_dec: 155
=========
xor_sum: 130
xtime_sum: 200
mat:
GF([[ 1,  3,  9,  7, 10],
    [10,  1,  3,  9,  7],
    [ 7, 10,  1,  3,  9],
    [ 9,  7, 10,  1,  3],
    [ 3,  9,  7, 10,  1]], order=2^8)
inv:
GF([[145, 229,  48,  98,  93],
    [ 93, 145, 229,  48,  98],
    [ 98,  93, 145, 229,  48],
    [ 48,  98,  93, 145, 229],
    [229,  48,  98,  93, 145]], order=2^8)
===================================
Comparing to photon_5x5
- beats xtime_enc: 45 vs 52
