xor_enc: 35
xtime_enc: 55
=========
xor_dec: 70
xtime_dec: 115
=========
xor_sum: 105
xtime_sum: 170
mat:
GF([[ 2, 10,  9,  3,  8],
    [ 8,  2, 10,  9,  3],
    [ 3,  8,  2, 10,  9],
    [ 9,  3,  8,  2, 10],
    [10,  9,  3,  8,  2]], order=2^8)
inv:
GF([[  5,  19, 156,  10, 169],
    [169,   5,  19, 156,  10],
    [ 10, 169,   5,  19, 156],
    [156,  10, 169,   5,  19],
    [ 19, 156,  10, 169,   5]], order=2^8)
===================================
Comparing to photon_5x5
- beats xor_enc: 35 vs 44
