xor_enc: 35
xtime_enc: 55
=========
xor_dec: 100
xtime_dec: 140
=========
xor_sum: 135
xtime_sum: 195
mat:
GF([[ 2,  3,  8, 10,  9],
    [ 9,  2,  3,  8, 10],
    [10,  9,  2,  3,  8],
    [ 8, 10,  9,  2,  3],
    [ 3,  8, 10,  9,  2]], order=2^8)
inv:
GF([[170, 182, 206, 250,   1],
    [  1, 170, 182, 206, 250],
    [250,   1, 170, 182, 206],
    [206, 250,   1, 170, 182],
    [182, 206, 250,   1, 170]], order=2^8)
===================================
Comparing to photon_5x5
- beats xor_enc: 35 vs 44
