xor_enc: 30
xtime_enc: 55
=========
xor_dec: 65
xtime_dec: 160
=========
xor_sum: 95
xtime_sum: 215
mat:
GF([[ 2,  8, 10,  3,  8],
    [ 8,  2,  8, 10,  3],
    [ 3,  8,  2,  8, 10],
    [10,  3,  8,  2,  8],
    [ 8, 10,  3,  8,  2]], order=2^8)
inv:
GF([[ 80, 176, 192,  38, 198],
    [198,  80, 176, 192,  38],
    [ 38, 198,  80, 176, 192],
    [192,  38, 198,  80, 176],
    [176, 192,  38, 198,  80]], order=2^8)
===================================
Comparing to photon_5x5
- beats xor_enc: 30 vs 44
