xor_enc: 35
xtime_enc: 60
=========
xor_dec: 90
xtime_dec: 165
=========
xor_sum: 125
xtime_sum: 225
mat:
GF([[ 2,  8, 10, 10,  5],
    [ 5,  2,  8, 10, 10],
    [10,  5,  2,  8, 10],
    [10, 10,  5,  2,  8],
    [ 8, 10, 10,  5,  2]], order=2^8)
inv:
GF([[119,  98, 162, 200, 184],
    [184, 119,  98, 162, 200],
    [200, 184, 119,  98, 162],
    [162, 200, 184, 119,  98],
    [ 98, 162, 200, 184, 119]], order=2^8)
===================================
Comparing to photon_5x5
- beats xor_enc: 35 vs 44
