xor_enc: 40
xtime_enc: 60
=========
xor_dec: 90
xtime_dec: 145
=========
xor_sum: 130
xtime_sum: 205
mat:
GF([[ 2,  7,  8, 10,  9],
    [ 9,  2,  7,  8, 10],
    [10,  9,  2,  7,  8],
    [ 8, 10,  9,  2,  7],
    [ 7,  8, 10,  9,  2]], order=2^8)
inv:
GF([[165,   6, 105, 151, 184],
    [184, 165,   6, 105, 151],
    [151, 184, 165,   6, 105],
    [105, 151, 184, 165,   6],
    [  6, 105, 151, 184, 165]], order=2^8)
===================================
Comparing to photon_5x5
- beats xor_enc: 40 vs 44
