xor_enc: 45
xtime_enc: 45
=========
xor_dec: 90
xtime_dec: 130
=========
xor_sum: 135
xtime_sum: 175
mat:
GF([[ 1,  5,  7,  5, 10],
    [10,  1,  5,  7,  5],
    [ 5, 10,  1,  5,  7],
    [ 7,  5, 10,  1,  5],
    [ 5,  7,  5, 10,  1]], order=2^8)
inv:
GF([[  5, 203, 194,  11, 183],
    [183,   5, 203, 194,  11],
    [ 11, 183,   5, 203, 194],
    [194,  11, 183,   5, 203],
    [203, 194,  11, 183,   5]], order=2^8)
===================================
Comparing to photon_5x5
- beats xtime_enc: 45 vs 52
