xor_enc: 30
xtime_enc: 55
=========
xor_dec: 65
xtime_dec: 160
=========
xor_sum: 95
xtime_sum: 215
mat:
GF([[ 2,  3,  8,  8, 10],
    [10,  2,  3,  8,  8],
    [ 8, 10,  2,  3,  8],
    [ 8,  8, 10,  2,  3],
    [ 3,  8,  8, 10,  2]], order=2^8)
inv:
GF([[ 80,  38, 176, 198, 192],
    [192,  80,  38, 176, 198],
    [198, 192,  80,  38, 176],
    [176, 198, 192,  80,  38],
    [ 38, 176, 198, 192,  80]], order=2^8)
===================================
Comparing to photon_5x5
- beats xor_enc: 30 vs 44
