xor_enc: 50
xtime_enc: 45
=========
xor_dec: 85
xtime_dec: 165
=========
xor_sum: 135
xtime_sum: 210
mat:
GF([[ 3,  3, 10,  7,  6],
    [ 6,  3,  3, 10,  7],
    [ 7,  6,  3,  3, 10],
    [10,  7,  6,  3,  3],
    [ 3, 10,  7,  6,  3]], order=2^8)
inv:
GF([[170, 133,  96, 220,  83],
    [ 83, 170, 133,  96, 220],
    [220,  83, 170, 133,  96],
    [ 96, 220,  83, 170, 133],
    [133,  96, 220,  83, 170]], order=2^8)
===================================
Comparing to photon_5x5
- beats xtime_enc: 45 vs 52
