xor_enc: 45
xtime_enc: 40
=========
xor_dec: 80
xtime_dec: 155
=========
xor_sum: 125
xtime_sum: 195
mat:
GF([[ 1, 10,  7,  7,  2],
    [ 2,  1, 10,  7,  7],
    [ 7,  2,  1, 10,  7],
    [ 7,  7,  2,  1, 10],
    [10,  7,  7,  2,  1]], order=2^8)
inv:
GF([[ 98,  66, 135,  38, 206],
    [206,  98,  66, 135,  38],
    [ 38, 206,  98,  66, 135],
    [135,  38, 206,  98,  66],
    [ 66, 135,  38, 206,  98]], order=2^8)
===================================
Comparing to photon_5x5
- beats xtime_enc: 40 vs 52
