xor_enc: 45
xtime_enc: 45
=========
xor_dec: 80
xtime_dec: 140
=========
xor_sum: 125
xtime_sum: 185
mat:
GF([[ 2,  7, 10,  5,  3],
    [ 3,  2,  7, 10,  5],
    [ 5,  3,  2,  7, 10],
    [10,  5,  3,  2,  7],
    [ 7, 10,  5,  3,  2]], order=2^8)
inv:
GF([[ 11,  96, 131, 156,  59],
    [ 59,  11,  96, 131, 156],
    [156,  59,  11,  96, 131],
    [131, 156,  59,  11,  96],
    [ 96, 131, 156,  59,  11]], order=2^8)
===================================
Comparing to photon_5x5
- beats xtime_enc: 45 vs 52
