xor_enc: 35
xtime_enc: 55
=========
xor_dec: 100
xtime_dec: 145
=========
xor_sum: 135
xtime_sum: 200
mat:
GF([[ 1,  8,  6, 10,  9],
    [ 9,  1,  8,  6, 10],
    [10,  9,  1,  8,  6],
    [ 6, 10,  9,  1,  8],
    [ 8,  6, 10,  9,  1]], order=2^8)
inv:
GF([[ 99,  43,  62,  79, 137],
    [137,  99,  43,  62,  79],
    [ 79, 137,  99,  43,  62],
    [ 62,  79, 137,  99,  43],
    [ 43,  62,  79, 137,  99]], order=2^8)
===================================
Comparing to photon_5x5
- beats xor_enc: 35 vs 44
