xor_enc: 35
xtime_enc: 55
=========
xor_dec: 95
xtime_dec: 140
=========
xor_sum: 130
xtime_sum: 195
mat:
GF([[ 2, 10,  9,  4,  6],
    [ 6,  2, 10,  9,  4],
    [ 4,  6,  2, 10,  9],
    [ 9,  4,  6,  2, 10],
    [10,  9,  4,  6,  2]], order=2^8)
inv:
GF([[238,  25, 197, 201,  13],
    [ 13, 238,  25, 197, 201],
    [201,  13, 238,  25, 197],
    [197, 201,  13, 238,  25],
    [ 25, 197, 201,  13, 238]], order=2^8)
===================================
Comparing to photon_5x5
- beats xor_enc: 35 vs 44
