xor_enc: 35
xtime_enc: 55
=========
xor_dec: 100
xtime_dec: 160
=========
xor_sum: 135
xtime_sum: 215
mat:
GF([[ 1,  8,  5, 10,  9],
    [ 9,  1,  8,  5, 10],
    [10,  9,  1,  8,  5],
    [ 5, 10,  9,  1,  8],
    [ 8,  5, 10,  9,  1]], order=2^8)
inv:
GF([[106,  42, 159, 162, 186],
    [186, 106,  42, 159, 162],
    [162, 186, 106,  42, 159],
    [159, 162, 186, 106,  42],
    [ 42, 159, 162, 186, 106]], order=2^8)
===================================
Comparing to photon_5x5
- beats xor_enc: 35 vs 44
