xor_enc: 45
xtime_enc: 50
=========
xor_dec: 110
xtime_dec: 150
=========
xor_sum: 155
xtime_sum: 200
mat:
GF([[ 2, 10,  5,  5,  7],
    [ 7,  2, 10,  5,  5],
    [ 5,  7,  2, 10,  5],
    [ 5,  5,  7,  2, 10],
    [10,  5,  5,  7,  2]], order=2^8)
inv:
GF([[ 84, 140,  47,  95, 111],
    [111,  84, 140,  47,  95],
    [ 95, 111,  84, 140,  47],
    [ 47,  95, 111,  84, 140],
    [140,  47,  95, 111,  84]], order=2^8)
===================================
Comparing to photon_5x5
- beats xtime_enc: 50 vs 52
