xor_enc: 50
xtime_enc: 45
=========
xor_dec: 85
xtime_dec: 140
=========
xor_sum: 135
xtime_sum: 185
mat:
GF([[ 3,  3,  6, 10,  7],
    [ 7,  3,  3,  6, 10],
    [10,  7,  3,  3,  6],
    [ 6, 10,  7,  3,  3],
    [ 3,  6, 10,  7,  3]], order=2^8)
inv:
GF([[ 14,  19, 193, 143, 147],
    [147,  14,  19, 193, 143],
    [143, 147,  14,  19, 193],
    [193, 143, 147,  14,  19],
    [ 19, 193, 143, 147,  14]], order=2^8)
===================================
Comparing to photon_5x5
- beats xtime_enc: 45 vs 52
