xor_enc: 35
xtime_enc: 60
=========
xor_dec: 110
xtime_dec: 155
=========
xor_sum: 145
xtime_sum: 215
mat:
GF([[ 2,  5,  8, 10, 10],
    [10,  2,  5,  8, 10],
    [10, 10,  2,  5,  8],
    [ 8, 10, 10,  2,  5],
    [ 5,  8, 10, 10,  2]], order=2^8)
inv:
GF([[186,  87,  21, 216, 231],
    [231, 186,  87,  21, 216],
    [216, 231, 186,  87,  21],
    [ 21, 216, 231, 186,  87],
    [ 87,  21, 216, 231, 186]], order=2^8)
===================================
Comparing to photon_5x5
- beats xor_enc: 35 vs 44
