xor_enc: 30
xtime_enc: 55
=========
xor_dec: 95
xtime_dec: 135
=========
xor_sum: 125
xtime_sum: 190
mat:
GF([[ 2,  2,  9,  8, 10],
    [10,  2,  2,  9,  8],
    [ 8, 10,  2,  2,  9],
    [ 9,  8, 10,  2,  2],
    [ 2,  9,  8, 10,  2]], order=2^8)
inv:
GF([[  1,  90, 241, 145, 251],
    [251,   1,  90, 241, 145],
    [145, 251,   1,  90, 241],
    [241, 145, 251,   1,  90],
    [ 90, 241, 145, 251,   1]], order=2^8)
===================================
Comparing to photon_5x5
- beats xor_enc: 30 vs 44
