xor_enc: 45
xtime_enc: 45
=========
xor_dec: 70
xtime_dec: 140
=========
xor_sum: 115
xtime_sum: 185
mat:
GF([[ 1,  5, 10,  7,  5],
    [ 5,  1,  5, 10,  7],
    [ 7,  5,  1,  5, 10],
    [10,  7,  5,  1,  5],
    [ 5, 10,  7,  5,  1]], order=2^8)
inv:
GF([[ 91, 202, 128, 163,   2],
    [  2,  91, 202, 128, 163],
    [163,   2,  91, 202, 128],
    [128, 163,   2,  91, 202],
    [202, 128, 163,   2,  91]], order=2^8)
===================================
Comparing to photon_5x5
- beats xtime_enc: 45 vs 52
