xor_enc: 40
xtime_enc: 55
=========
xor_dec: 80
xtime_dec: 165
=========
xor_sum: 120
xtime_sum: 220
mat:
GF([[ 1,  7, 10, 10,  8],
    [ 8,  1,  7, 10, 10],
    [10,  8,  1,  7, 10],
    [10, 10,  8,  1,  7],
    [ 7, 10, 10,  8,  1]], order=2^8)
inv:
GF([[196, 132, 112, 184, 109],
    [109, 196, 132, 112, 184],
    [184, 109, 196, 132, 112],
    [112, 184, 109, 196, 132],
    [132, 112, 184, 109, 196]], order=2^8)
===================================
Comparing to photon_5x5
- beats xor_enc: 40 vs 44
