xor_enc: 45
xtime_enc: 45
=========
xor_dec: 120
xtime_dec: 170
=========
xor_sum: 165
xtime_sum: 215
mat:
GF([[ 2, 10,  5,  3,  7],
    [ 7,  2, 10,  5,  3],
    [ 3,  7,  2, 10,  5],
    [ 5,  3,  7,  2, 10],
    [10,  5,  3,  7,  2]], order=2^8)
inv:
GF([[183, 105, 255, 228, 138],
    [138, 183, 105, 255, 228],
    [228, 138, 183, 105, 255],
    [255, 228, 138, 183, 105],
    [105, 255, 228, 138, 183]], order=2^8)
===================================
Comparing to photon_5x5
- beats xtime_enc: 45 vs 52
