xor_enc: 45
xtime_enc: 40
=========
xor_dec: 80
xtime_dec: 155
=========
xor_sum: 125
xtime_sum: 195
mat:
GF([[ 1,  7,  2, 10,  7],
    [ 7,  1,  7,  2, 10],
    [10,  7,  1,  7,  2],
    [ 2, 10,  7,  1,  7],
    [ 7,  2, 10,  7,  1]], order=2^8)
inv:
GF([[ 98, 135, 206,  66,  38],
    [ 38,  98, 135, 206,  66],
    [ 66,  38,  98, 135, 206],
    [206,  66,  38,  98, 135],
    [135, 206,  66,  38,  98]], order=2^8)
===================================
Comparing to photon_5x5
- beats xtime_enc: 40 vs 52
