xor_enc: 40
xtime_enc: 55
=========
xor_dec: 85
xtime_dec: 115
=========
xor_sum: 125
xtime_sum: 170
mat:
GF([[ 2,  7, 10,  8,  5],
    [ 5,  2,  7, 10,  8],
    [ 8,  5,  2,  7, 10],
    [10,  8,  5,  2,  7],
    [ 7, 10,  8,  5,  2]], order=2^8)
inv:
GF([[ 95,  26,  35, 233,   2],
    [  2,  95,  26,  35, 233],
    [233,   2,  95,  26,  35],
    [ 35, 233,   2,  95,  26],
    [ 26,  35, 233,   2,  95]], order=2^8)
===================================
Comparing to photon_5x5
- beats xor_enc: 40 vs 44
