xor_enc: 40
xtime_enc: 55
=========
xor_dec: 85
xtime_dec: 110
=========
xor_sum: 125
xtime_sum: 165
mat:
GF([[ 2,  5, 10,  7,  8],
    [ 8,  2,  5, 10,  7],
    [ 7,  8,  2,  5, 10],
    [10,  7,  8,  2,  5],
    [ 5, 10,  7,  8,  2]], order=2^8)
inv:
GF([[183,  71, 123,   2,   4],
    [  4, 183,  71, 123,   2],
    [  2,   4, 183,  71, 123],
    [123,   2,   4, 183,  71],
    [ 71, 123,   2,   4, 183]], order=2^8)
===================================
Comparing to photon_5x5
- beats xor_enc: 40 vs 44
