xor_enc: 45
xtime_enc: 45
=========
xor_dec: 90
xtime_dec: 150
=========
xor_sum: 135
xtime_sum: 195
mat:
GF([[ 1,  5, 10,  5,  7],
    [ 7,  1,  5, 10,  5],
    [ 5,  7,  1,  5, 10],
    [10,  5,  7,  1,  5],
    [ 5, 10,  5,  7,  1]], order=2^8)
inv:
GF([[234,  48,  69, 124,  83],
    [ 83, 234,  48,  69, 124],
    [124,  83, 234,  48,  69],
    [ 69, 124,  83, 234,  48],
    [ 48,  69, 124,  83, 234]], order=2^8)
===================================
Comparing to photon_5x5
- beats xtime_enc: 45 vs 52
