xor_enc: 40
xtime_enc: 55
=========
xor_dec: 95
xtime_dec: 155
=========
xor_sum: 135
xtime_sum: 210
mat:
GF([[ 2,  3,  9, 10,  9],
    [ 9,  2,  3,  9, 10],
    [10,  9,  2,  3,  9],
    [ 9, 10,  9,  2,  3],
    [ 3,  9, 10,  9,  2]], order=2^8)
inv:
GF([[101, 206, 154,  18, 227],
    [227, 101, 206, 154,  18],
    [ 18, 227, 101, 206, 154],
    [154,  18, 227, 101, 206],
    [206, 154,  18, 227, 101]], order=2^8)
===================================
Comparing to photon_5x5
- beats xor_enc: 40 vs 44
