xor_enc: 35
xtime_enc: 55
=========
xor_dec: 140
xtime_dec: 175
=========
xor_sum: 175
xtime_sum: 230
mat:
GF([[ 1,  8,  9,  6, 10],
    [10,  1,  8,  9,  6],
    [ 6, 10,  1,  8,  9],
    [ 9,  6, 10,  1,  8],
    [ 8,  9,  6, 10,  1]], order=2^8)
inv:
GF([[221, 187, 238, 151, 175],
    [175, 221, 187, 238, 151],
    [151, 175, 221, 187, 238],
    [238, 151, 175, 221, 187],
    [187, 238, 151, 175, 221]], order=2^8)
===================================
Comparing to photon_5x5
- beats xor_enc: 35 vs 44
