xor_enc: 35
xtime_enc: 55
=========
xor_dec: 90
xtime_dec: 155
=========
xor_sum: 125
xtime_sum: 210
mat:
GF([[ 1, 10,  5,  8, 10],
    [10,  1, 10,  5,  8],
    [ 8, 10,  1, 10,  5],
    [ 5,  8, 10,  1, 10],
    [10,  5,  8, 10,  1]], order=2^8)
inv:
GF([[ 96, 112, 159, 101,  90],
    [ 90,  96, 112, 159, 101],
    [101,  90,  96, 112, 159],
    [159, 101,  90,  96, 112],
    [112, 159, 101,  90,  96]], order=2^8)
===================================
Comparing to photon_5x5
- beats xor_enc: 35 vs 44
