xor_enc: 30
xtime_enc: 60
=========
xor_dec: 95
xtime_dec: 145
=========
xor_sum: 125
xtime_sum: 205
mat:
GF([[ 2,  9, 10,  4,  8],
    [ 8,  2,  9, 10,  4],
    [ 4,  8,  2,  9, 10],
    [10,  4,  8,  2,  9],
    [ 9, 10,  4,  8,  2]], order=2^8)
inv:
GF([[243, 241, 180,   6,  81],
    [ 81, 243, 241, 180,   6],
    [  6,  81, 243, 241, 180],
    [180,   6,  81, 243, 241],
    [241, 180,   6,  81, 243]], order=2^8)
===================================
Comparing to photon_5x5
- beats xor_enc: 30 vs 44
