xor_enc: 30
xtime_enc: 55
=========
xor_dec: 80
xtime_dec: 120
=========
xor_sum: 110
xtime_sum: 175
mat:
GF([[ 2,  4, 10,  9,  4],
    [ 4,  2,  4, 10,  9],
    [ 9,  4,  2,  4, 10],
    [10,  9,  4,  2,  4],
    [ 4, 10,  9,  4,  2]], order=2^8)
inv:
GF([[ 20, 116,  97,  29,  29],
    [ 29,  20, 116,  97,  29],
    [ 29,  29,  20, 116,  97],
    [ 97,  29,  29,  20, 116],
    [116,  97,  29,  29,  20]], order=2^8)
===================================
Comparing to photon_5x5
- beats xor_enc: 30 vs 44
