xor_enc: 45
xtime_enc: 50
=========
xor_dec: 100
xtime_dec: 125
=========
xor_sum: 145
xtime_sum: 175
mat:
GF([[ 3,  2,  7, 10,  9],
    [ 9,  3,  2,  7, 10],
    [10,  9,  3,  2,  7],
    [ 7, 10,  9,  3,  2],
    [ 2,  7, 10,  9,  3]], order=2^8)
inv:
GF([[ 60,  55, 113,  62,  22],
    [ 22,  60,  55, 113,  62],
    [ 62,  22,  60,  55, 113],
    [113,  62,  22,  60,  55],
    [ 55, 113,  62,  22,  60]], order=2^8)
===================================
Comparing to photon_5x5
- beats xtime_enc: 50 vs 52
