xor_enc: 45
xtime_enc: 45
=========
xor_dec: 120
xtime_dec: 170
=========
xor_sum: 165
xtime_sum: 215
mat:
GF([[ 2,  7,  3,  5, 10],
    [10,  2,  7,  3,  5],
    [ 5, 10,  2,  7,  3],
    [ 3,  5, 10,  2,  7],
    [ 7,  3,  5, 10,  2]], order=2^8)
inv:
GF([[183, 138, 228, 255, 105],
    [105, 183, 138, 228, 255],
    [255, 105, 183, 138, 228],
    [228, 255, 105, 183, 138],
    [138, 228, 255, 105, 183]], order=2^8)
===================================
Comparing to photon_5x5
- beats xtime_enc: 45 vs 52
