xor_enc: 40
xtime_enc: 55
=========
xor_dec: 85
xtime_dec: 145
=========
xor_sum: 125
xtime_sum: 200
mat:
GF([[ 1, 10,  9,  8,  7],
    [ 7,  1, 10,  9,  8],
    [ 8,  7,  1, 10,  9],
    [ 9,  8,  7,  1, 10],
    [10,  9,  8,  7,  1]], order=2^8)
inv:
GF([[ 21, 146,  27, 233, 148],
    [148,  21, 146,  27, 233],
    [233, 148,  21, 146,  27],
    [ 27, 233, 148,  21, 146],
    [146,  27, 233, 148,  21]], order=2^8)
===================================
Comparing to photon_5x5
- beats xor_enc: 40 vs 44
