xor_enc: 35
xtime_enc: 65
=========
xor_dec: 105
xtime_dec: 130
=========
xor_sum: 140
xtime_sum: 195
mat:
GF([[ 2, 10,  9, 10,  8],
    [ 8,  2, 10,  9, 10],
    [10,  8,  2, 10,  9],
    [ 9, 10,  8,  2, 10],
    [10,  9, 10,  8,  2]], order=2^8)
inv:
GF([[ 49,   7, 255, 118,  73],
    [ 73,  49,   7, 255, 118],
    [118,  73,  49,   7, 255],
    [255, 118,  73,  49,   7],
    [  7, 255, 118,  73,  49]], order=2^8)
===================================
Comparing to photon_5x5
- beats xor_enc: 35 vs 44
