xor_enc: 45
xtime_enc: 50
=========
xor_dec: 90
xtime_dec: 145
=========
xor_sum: 135
xtime_sum: 195
mat:
GF([[ 2, 10,  7,  5,  6],
    [ 6,  2, 10,  7,  5],
    [ 5,  6,  2, 10,  7],
    [ 7,  5,  6,  2, 10],
    [10,  7,  5,  6,  2]], order=2^8)
inv:
GF([[137, 211, 166,  75,   7],
    [  7, 137, 211, 166,  75],
    [ 75,   7, 137, 211, 166],
    [166,  75,   7, 137, 211],
    [211, 166,  75,   7, 137]], order=2^8)
===================================
Comparing to photon_5x5
- beats xtime_enc: 50 vs 52
