xor_enc: 35
xtime_enc: 55
=========
xor_dec: 70
xtime_dec: 140
=========
xor_sum: 105
xtime_sum: 195
mat:
GF([[ 1,  9,  8, 10,  5],
    [ 5,  1,  9,  8, 10],
    [10,  5,  1,  9,  8],
    [ 8, 10,  5,  1,  9],
    [ 9,  8, 10,  5,  1]], order=2^8)
inv:
GF([[230,   2, 194, 144, 113],
    [113, 230,   2, 194, 144],
    [144, 113, 230,   2, 194],
    [194, 144, 113, 230,   2],
    [  2, 194, 144, 113, 230]], order=2^8)
===================================
Comparing to photon_5x5
- beats xor_enc: 35 vs 44
