xor_enc: 40
xtime_enc: 55
=========
xor_dec: 95
xtime_dec: 165
=========
xor_sum: 135
xtime_sum: 220
mat:
GF([[ 2,  9,  6, 10,  5],
    [ 5,  2,  9,  6, 10],
    [10,  5,  2,  9,  6],
    [ 6, 10,  5,  2,  9],
    [ 9,  6, 10,  5,  2]], order=2^8)
inv:
GF([[ 65,  76, 172, 183, 155],
    [155,  65,  76, 172, 183],
    [183, 155,  65,  76, 172],
    [172, 183, 155,  65,  76],
    [ 76, 172, 183, 155,  65]], order=2^8)
===================================
Comparing to photon_5x5
- beats xor_enc: 40 vs 44
