xor_enc: 35
xtime_enc: 55
=========
xor_dec: 90
xtime_dec: 150
=========
xor_sum: 125
xtime_sum: 205
mat:
GF([[ 1,  9,  5, 10,  8],
    [ 8,  1,  9,  5, 10],
    [10,  8,  1,  9,  5],
    [ 5, 10,  8,  1,  9],
    [ 9,  5, 10,  8,  1]], order=2^8)
inv:
GF([[ 98, 114, 123, 133,  41],
    [ 41,  98, 114, 123, 133],
    [133,  41,  98, 114, 123],
    [123, 133,  41,  98, 114],
    [114, 123, 133,  41,  98]], order=2^8)
===================================
Comparing to photon_5x5
- beats xor_enc: 35 vs 44
