xor_enc: 30
xtime_enc: 60
=========
xor_dec: 95
xtime_dec: 145
=========
xor_sum: 125
xtime_sum: 205
mat:
GF([[ 2,  4,  9,  8, 10],
    [10,  2,  4,  9,  8],
    [ 8, 10,  2,  4,  9],
    [ 9,  8, 10,  2,  4],
    [ 4,  9,  8, 10,  2]], order=2^8)
inv:
GF([[243,   6, 241,  81, 180],
    [180, 243,   6, 241,  81],
    [ 81, 180, 243,   6, 241],
    [241,  81, 180, 243,   6],
    [  6, 241,  81, 180, 243]], order=2^8)
===================================
Comparing to photon_5x5
- beats xor_enc: 30 vs 44
