xor_enc: 45
xtime_enc: 45
=========
xor_dec: 130
xtime_dec: 155
=========
xor_sum: 175
xtime_sum: 200
mat:
GF([[ 2,  5,  3,  7, 10],
    [10,  2,  5,  3,  7],
    [ 7, 10,  2,  5,  3],
    [ 3,  7, 10,  2,  5],
    [ 5,  3,  7, 10,  2]], order=2^8)
inv:
GF([[127, 247,  83, 189,  41],
    [ 41, 127, 247,  83, 189],
    [189,  41, 127, 247,  83],
    [ 83, 189,  41, 127, 247],
    [247,  83, 189,  41, 127]], order=2^8)
===================================
Comparing to photon_5x5
- beats xtime_enc: 45 vs 52
