xor_enc: 40
xtime_enc: 60
=========
xor_dec: 100
xtime_dec: 135
=========
xor_sum: 140
xtime_sum: 195
mat:
GF([[ 2,  5, 10,  9, 10],
    [10,  2,  5, 10,  9],
    [ 9, 10,  2,  5, 10],
    [10,  9, 10,  2,  5],
    [ 5, 10,  9, 10,  2]], order=2^8)
inv:
GF([[119,  46, 105,   8, 221],
    [221, 119,  46, 105,   8],
    [  8, 221, 119,  46, 105],
    [105,   8, 221, 119,  46],
    [ 46, 105,   8, 221, 119]], order=2^8)
===================================
Comparing to photon_5x5
- beats xor_enc: 40 vs 44
