xor_enc: 30
xtime_enc: 55
=========
xor_dec: 90
xtime_dec: 135
=========
xor_sum: 120
xtime_sum: 190
mat:
GF([[ 1,  8, 10,  8,  5],
    [ 5,  1,  8, 10,  8],
    [ 8,  5,  1,  8, 10],
    [10,  8,  5,  1,  8],
    [ 8, 10,  8,  5,  1]], order=2^8)
inv:
GF([[105, 226,  91,  57,  12],
    [ 12, 105, 226,  91,  57],
    [ 57,  12, 105, 226,  91],
    [ 91,  57,  12, 105, 226],
    [226,  91,  57,  12, 105]], order=2^8)
===================================
Comparing to photon_5x5
- beats xor_enc: 30 vs 44
