xor_enc: 45
xtime_enc: 45
=========
xor_dec: 120
xtime_dec: 170
=========
xor_sum: 165
xtime_sum: 215
mat:
GF([[ 3,  2,  5,  7, 10],
    [10,  3,  2,  5,  7],
    [ 7, 10,  3,  2,  5],
    [ 5,  7, 10,  3,  2],
    [ 2,  5,  7, 10,  3]], order=2^8)
inv:
GF([[255, 138, 105, 228, 183],
    [183, 255, 138, 105, 228],
    [228, 183, 255, 138, 105],
    [105, 228, 183, 255, 138],
    [138, 105, 228, 183, 255]], order=2^8)
===================================
Comparing to photon_5x5
- beats xtime_enc: 45 vs 52
