xor_enc: 30
xtime_enc: 55
=========
xor_dec: 90
xtime_dec: 135
=========
xor_sum: 120
xtime_sum: 190
mat:
GF([[ 1, 10,  5,  8,  8],
    [ 8,  1, 10,  5,  8],
    [ 8,  8,  1, 10,  5],
    [ 5,  8,  8,  1, 10],
    [10,  5,  8,  8,  1]], order=2^8)
inv:
GF([[105,  91,  12, 226,  57],
    [ 57, 105,  91,  12, 226],
    [226,  57, 105,  91,  12],
    [ 12, 226,  57, 105,  91],
    [ 91,  12, 226,  57, 105]], order=2^8)
===================================
Comparing to photon_5x5
- beats xor_enc: 30 vs 44
