xor_enc: 40
xtime_enc: 55
=========
xor_dec: 85
xtime_dec: 115
=========
xor_sum: 125
xtime_sum: 170
mat:
GF([[ 2,  5,  8, 10,  7],
    [ 7,  2,  5,  8, 10],
    [10,  7,  2,  5,  8],
    [ 8, 10,  7,  2,  5],
    [ 5,  8, 10,  7,  2]], order=2^8)
inv:
GF([[ 95,   2, 233,  35,  26],
    [ 26,  95,   2, 233,  35],
    [ 35,  26,  95,   2, 233],
    [233,  35,  26,  95,   2],
    [  2, 233,  35,  26,  95]], order=2^8)
===================================
Comparing to photon_5x5
- beats xor_enc: 40 vs 44
