xor_enc: 35
xtime_enc: 60
=========
xor_dec: 80
xtime_dec: 145
=========
xor_sum: 115
xtime_sum: 205
mat:
GF([[ 2,  9, 10,  9,  4],
    [ 4,  2,  9, 10,  9],
    [ 9,  4,  2,  9, 10],
    [10,  9,  4,  2,  9],
    [ 9, 10,  9,  4,  2]], order=2^8)
inv:
GF([[239,   8,  32, 226, 149],
    [149, 239,   8,  32, 226],
    [226, 149, 239,   8,  32],
    [ 32, 226, 149, 239,   8],
    [  8,  32, 226, 149, 239]], order=2^8)
===================================
Comparing to photon_5x5
- beats xor_enc: 35 vs 44
