xor_enc: 40
xtime_enc: 60
=========
xor_dec: 70
xtime_dec: 135
=========
xor_sum: 110
xtime_sum: 195
mat:
GF([[ 2,  8,  7, 10,  9],
    [ 9,  2,  8,  7, 10],
    [10,  9,  2,  8,  7],
    [ 7, 10,  9,  2,  8],
    [ 8,  7, 10,  9,  2]], order=2^8)
inv:
GF([[108,  69,   7, 137,  66],
    [ 66, 108,  69,   7, 137],
    [137,  66, 108,  69,   7],
    [  7, 137,  66, 108,  69],
    [ 69,   7, 137,  66, 108]], order=2^8)
===================================
Comparing to photon_5x5
- beats xor_enc: 40 vs 44
