xor_enc: 40
xtime_enc: 55
=========
xor_dec: 90
xtime_dec: 175
=========
xor_sum: 130
xtime_sum: 230
mat:
GF([[ 1, 10,  9, 10,  6],
    [ 6,  1, 10,  9, 10],
    [10,  6,  1, 10,  9],
    [ 9, 10,  6,  1, 10],
    [10,  9, 10,  6,  1]], order=2^8)
inv:
GF([[229, 236, 128, 193, 173],
    [173, 229, 236, 128, 193],
    [193, 173, 229, 236, 128],
    [128, 193, 173, 229, 236],
    [236, 128, 193, 173, 229]], order=2^8)
===================================
Comparing to photon_5x5
- beats xor_enc: 40 vs 44
