xor_enc: 40
xtime_enc: 55
=========
xor_dec: 80
xtime_dec: 165
=========
xor_sum: 120
xtime_sum: 220
mat:
GF([[ 1, 10,  7,  8, 10],
    [10,  1, 10,  7,  8],
    [ 8, 10,  1, 10,  7],
    [ 7,  8, 10,  1, 10],
    [10,  7,  8, 10,  1]], order=2^8)
inv:
GF([[196, 184, 132, 109, 112],
    [112, 196, 184, 132, 109],
    [109, 112, 196, 184, 132],
    [132, 109, 112, 196, 184],
    [184, 132, 109, 112, 196]], order=2^8)
===================================
Comparing to photon_5x5
- beats xor_enc: 40 vs 44
