xor_enc: 30
xtime_enc: 60
=========
xor_dec: 85
xtime_dec: 140
=========
xor_sum: 115
xtime_sum: 200
mat:
GF([[ 2,  8, 10,  5,  8],
    [ 8,  2,  8, 10,  5],
    [ 5,  8,  2,  8, 10],
    [10,  5,  8,  2,  8],
    [ 8, 10,  5,  8,  2]], order=2^8)
inv:
GF([[ 80,  24,  43,  77, 207],
    [207,  80,  24,  43,  77],
    [ 77, 207,  80,  24,  43],
    [ 43,  77, 207,  80,  24],
    [ 24,  43,  77, 207,  80]], order=2^8)
===================================
Comparing to photon_5x5
- beats xor_enc: 30 vs 44
