xor_enc: 30
xtime_enc: 55
=========
xor_dec: 65
xtime_dec: 160
=========
xor_sum: 95
xtime_sum: 215
mat:
GF([[ 3,  2, 10,  8,  8],
    [ 8,  3,  2, 10,  8],
    [ 8,  8,  3,  2, 10],
    [10,  8,  8,  3,  2],
    [ 2, 10,  8,  8,  3]], order=2^8)
inv:
GF([[192, 198, 176,  38,  80],
    [ 80, 192, 198, 176,  38],
    [ 38,  80, 192, 198, 176],
    [176,  38,  80, 192, 198],
    [198, 176,  38,  80, 192]], order=2^8)
===================================
Comparing to photon_5x5
- beats xor_enc: 30 vs 44
