xor_enc: 45
xtime_enc: 40
=========
xor_dec: 70
xtime_dec: 145
=========
xor_sum: 115
xtime_sum: 185
mat:
GF([[ 1,  3,  7,  5, 10],
    [10,  1,  3,  7,  5],
    [ 5, 10,  1,  3,  7],
    [ 7,  5, 10,  1,  3],
    [ 3,  7,  5, 10,  1]], order=2^8)
inv:
GF([[ 10, 134, 161,  81,  85],
    [ 85,  10, 134, 161,  81],
    [ 81,  85,  10, 134, 161],
    [161,  81,  85,  10, 134],
    [134, 161,  81,  85,  10]], order=2^8)
===================================
Comparing to photon_5x5
- beats xtime_enc: 40 vs 52
