xor_enc: 40
xtime_enc: 55
=========
xor_dec: 95
xtime_dec: 150
=========
xor_sum: 135
xtime_sum: 205
mat:
GF([[ 1, 10, 10,  5,  9],
    [ 9,  1, 10, 10,  5],
    [ 5,  9,  1, 10, 10],
    [10,  5,  9,  1, 10],
    [10, 10,  5,  9,  1]], order=2^8)
inv:
GF([[171,  28,  57, 197, 170],
    [170, 171,  28,  57, 197],
    [197, 170, 171,  28,  57],
    [ 57, 197, 170, 171,  28],
    [ 28,  57, 197, 170, 171]], order=2^8)
===================================
Comparing to photon_5x5
- beats xor_enc: 40 vs 44
