xor_enc: 40
xtime_enc: 55
=========
xor_dec: 85
xtime_dec: 110
=========
xor_sum: 125
xtime_sum: 165
mat:
GF([[ 2,  8,  7, 10,  5],
    [ 5,  2,  8,  7, 10],
    [10,  5,  2,  8,  7],
    [ 7, 10,  5,  2,  8],
    [ 8,  7, 10,  5,  2]], order=2^8)
inv:
GF([[183,   4,   2, 123,  71],
    [ 71, 183,   4,   2, 123],
    [123,  71, 183,   4,   2],
    [  2, 123,  71, 183,   4],
    [  4,   2, 123,  71, 183]], order=2^8)
===================================
Comparing to photon_5x5
- beats xor_enc: 40 vs 44
