xor_enc: 30
xtime_enc: 55
=========
xor_dec: 110
xtime_dec: 165
=========
xor_sum: 140
xtime_sum: 220
mat:
GF([[ 2,  4, 10,  4,  9],
    [ 9,  2,  4, 10,  4],
    [ 4,  9,  2,  4, 10],
    [10,  4,  9,  2,  4],
    [ 4, 10,  4,  9,  2]], order=2^8)
inv:
GF([[ 51, 245, 137, 221, 147],
    [147,  51, 245, 137, 221],
    [221, 147,  51, 245, 137],
    [137, 221, 147,  51, 245],
    [245, 137, 221, 147,  51]], order=2^8)
===================================
Comparing to photon_5x5
- beats xor_enc: 30 vs 44
