xor_enc: 45
xtime_enc: 50
=========
xor_dec: 105
xtime_dec: 160
=========
xor_sum: 150
xtime_sum: 210
mat:
GF([[ 1,  6,  7,  9, 10],
    [10,  1,  6,  7,  9],
    [ 9, 10,  1,  6,  7],
    [ 7,  9, 10,  1,  6],
    [ 6,  7,  9, 10,  1]], order=2^8)
inv:
GF([[186, 167,  60, 162, 117],
    [117, 186, 167,  60, 162],
    [162, 117, 186, 167,  60],
    [ 60, 162, 117, 186, 167],
    [167,  60, 162, 117, 186]], order=2^8)
===================================
Comparing to photon_5x5
- beats xtime_enc: 50 vs 52
