xor_enc: 35
xtime_enc: 55
=========
xor_dec: 95
xtime_dec: 140
=========
xor_sum: 130
xtime_sum: 195
mat:
GF([[ 2,  6,  4,  9, 10],
    [10,  2,  6,  4,  9],
    [ 9, 10,  2,  6,  4],
    [ 4,  9, 10,  2,  6],
    [ 6,  4,  9, 10,  2]], order=2^8)
inv:
GF([[238,  13, 201, 197,  25],
    [ 25, 238,  13, 201, 197],
    [197,  25, 238,  13, 201],
    [201, 197,  25, 238,  13],
    [ 13, 201, 197,  25, 238]], order=2^8)
===================================
Comparing to photon_5x5
- beats xor_enc: 35 vs 44
