xor_enc: 30
xtime_enc: 65
=========
xor_dec: 80
xtime_dec: 150
=========
xor_sum: 110
xtime_sum: 215
mat:
GF([[ 2, 10,  8,  9,  8],
    [ 8,  2, 10,  8,  9],
    [ 9,  8,  2, 10,  8],
    [ 8,  9,  8,  2, 10],
    [10,  8,  9,  8,  2]], order=2^8)
inv:
GF([[ 16, 115, 128, 123, 153],
    [153,  16, 115, 128, 123],
    [123, 153,  16, 115, 128],
    [128, 123, 153,  16, 115],
    [115, 128, 123, 153,  16]], order=2^8)
===================================
Comparing to photon_5x5
- beats xor_enc: 30 vs 44
