xor_enc: 45
xtime_enc: 50
=========
xor_dec: 80
xtime_dec: 145
=========
xor_sum: 125
xtime_sum: 195
mat:
GF([[ 2,  7,  4, 10,  7],
    [ 7,  2,  7,  4, 10],
    [10,  7,  2,  7,  4],
    [ 4, 10,  7,  2,  7],
    [ 7,  4, 10,  7,  2]], order=2^8)
inv:
GF([[135, 161, 180,  12,  46],
    [ 46, 135, 161, 180,  12],
    [ 12,  46, 135, 161, 180],
    [180,  12,  46, 135, 161],
    [161, 180,  12,  46, 135]], order=2^8)
===================================
Comparing to photon_5x5
- beats xtime_enc: 50 vs 52
