xor_enc: 35
xtime_enc: 60
=========
xor_dec: 70
xtime_dec: 130
=========
xor_sum: 105
xtime_sum: 190
mat:
GF([[ 2,  8,  7,  8, 10],
    [10,  2,  8,  7,  8],
    [ 8, 10,  2,  8,  7],
    [ 7,  8, 10,  2,  8],
    [ 8,  7,  8, 10,  2]], order=2^8)
inv:
GF([[ 82, 178, 116,   2,  81],
    [ 81,  82, 178, 116,   2],
    [  2,  81,  82, 178, 116],
    [116,   2,  81,  82, 178],
    [178, 116,   2,  81,  82]], order=2^8)
===================================
Comparing to photon_5x5
- beats xor_enc: 35 vs 44
