xor_enc: 35
xtime_enc: 55
=========
xor_dec: 70
xtime_dec: 115
=========
xor_sum: 105
xtime_sum: 170
mat:
GF([[ 3,  2,  9,  8, 10],
    [10,  3,  2,  9,  8],
    [ 8, 10,  3,  2,  9],
    [ 9,  8, 10,  3,  2],
    [ 2,  9,  8, 10,  3]], order=2^8)
inv:
GF([[156, 169,  19,  10,   5],
    [  5, 156, 169,  19,  10],
    [ 10,   5, 156, 169,  19],
    [ 19,  10,   5, 156, 169],
    [169,  19,  10,   5, 156]], order=2^8)
===================================
Comparing to photon_5x5
- beats xor_enc: 35 vs 44
