xor_enc: 40
xtime_enc: 60
=========
xor_dec: 85
xtime_dec: 160
=========
xor_sum: 125
xtime_sum: 220
mat:
GF([[ 2, 10, 10,  9,  6],
    [ 6,  2, 10, 10,  9],
    [ 9,  6,  2, 10, 10],
    [10,  9,  6,  2, 10],
    [10, 10,  9,  6,  2]], order=2^8)
inv:
GF([[230,  69, 166, 212,  48],
    [ 48, 230,  69, 166, 212],
    [212,  48, 230,  69, 166],
    [166, 212,  48, 230,  69],
    [ 69, 166, 212,  48, 230]], order=2^8)
===================================
Comparing to photon_5x5
- beats xor_enc: 40 vs 44
