xor_enc: 30
xtime_enc: 55
=========
xor_dec: 75
xtime_dec: 160
=========
xor_sum: 105
xtime_sum: 215
mat:
GF([[ 2, 10,  6,  4,  8],
    [ 8,  2, 10,  6,  4],
    [ 4,  8,  2, 10,  6],
    [ 6,  4,  8,  2, 10],
    [10,  6,  4,  8,  2]], order=2^8)
inv:
GF([[146, 143,  56,  96, 200],
    [200, 146, 143,  56,  96],
    [ 96, 200, 146, 143,  56],
    [ 56,  96, 200, 146, 143],
    [143,  56,  96, 200, 146]], order=2^8)
===================================
Comparing to photon_5x5
- beats xor_enc: 30 vs 44
