xor_enc: 35
xtime_enc: 55
=========
xor_dec: 105
xtime_dec: 150
=========
xor_sum: 140
xtime_sum: 205
mat:
GF([[ 2,  6,  5, 10,  8],
    [ 8,  2,  6,  5, 10],
    [10,  8,  2,  6,  5],
    [ 5, 10,  8,  2,  6],
    [ 6,  5, 10,  8,  2]], order=2^8)
inv:
GF([[226, 102, 167,  15, 218],
    [218, 226, 102, 167,  15],
    [ 15, 218, 226, 102, 167],
    [167,  15, 218, 226, 102],
    [102, 167,  15, 218, 226]], order=2^8)
===================================
Comparing to photon_5x5
- beats xor_enc: 35 vs 44
