xor_enc: 45
xtime_enc: 50
=========
xor_dec: 85
xtime_dec: 135
=========
xor_sum: 130
xtime_sum: 185
mat:
GF([[ 1, 10,  8,  7,  7],
    [ 7,  1, 10,  8,  7],
    [ 7,  7,  1, 10,  8],
    [ 8,  7,  7,  1, 10],
    [10,  8,  7,  7,  1]], order=2^8)
inv:
GF([[143,  12,  10, 214, 169],
    [169, 143,  12,  10, 214],
    [214, 169, 143,  12,  10],
    [ 10, 214, 169, 143,  12],
    [ 12,  10, 214, 169, 143]], order=2^8)
===================================
Comparing to photon_5x5
- beats xtime_enc: 50 vs 52
