xor_enc: 50
xtime_enc: 50
=========
xor_dec: 95
xtime_dec: 175
=========
xor_sum: 145
xtime_sum: 225
mat:
GF([[ 1,  7, 10,  9,  7],
    [ 7,  1,  7, 10,  9],
    [ 9,  7,  1,  7, 10],
    [10,  9,  7,  1,  7],
    [ 7, 10,  9,  7,  1]], order=2^8)
inv:
GF([[152, 145, 145, 237, 248],
    [248, 152, 145, 145, 237],
    [237, 248, 152, 145, 145],
    [145, 237, 248, 152, 145],
    [145, 145, 237, 248, 152]], order=2^8)
===================================
Comparing to photon_5x5
- beats xtime_enc: 50 vs 52
