xor_enc: 45
xtime_enc: 40
=========
xor_dec: 80
xtime_dec: 155
=========
xor_sum: 125
xtime_sum: 195
mat:
GF([[ 1,  3, 10,  5,  7],
    [ 7,  1,  3, 10,  5],
    [ 5,  7,  1,  3, 10],
    [10,  5,  7,  1,  3],
    [ 3, 10,  5,  7,  1]], order=2^8)
inv:
GF([[174,  67,  74, 170,  36],
    [ 36, 174,  67,  74, 170],
    [170,  36, 174,  67,  74],
    [ 74, 170,  36, 174,  67],
    [ 67,  74, 170,  36, 174]], order=2^8)
===================================
Comparing to photon_5x5
- beats xtime_enc: 40 vs 52
