xor_enc: 40
xtime_enc: 55
=========
xor_dec: 115
xtime_dec: 175
=========
xor_sum: 155
xtime_sum: 230
mat:
GF([[ 3,  3, 10,  8, 10],
    [10,  3,  3, 10,  8],
    [ 8, 10,  3,  3, 10],
    [10,  8, 10,  3,  3],
    [ 3, 10,  8, 10,  3]], order=2^8)
inv:
GF([[141, 189, 232, 189, 141],
    [141, 141, 189, 232, 189],
    [189, 141, 141, 189, 232],
    [232, 189, 141, 141, 189],
    [189, 232, 189, 141, 141]], order=2^8)
===================================
Comparing to photon_5x5
- beats xor_enc: 40 vs 44
