xor_enc: 40
xtime_enc: 55
=========
xor_dec: 95
xtime_dec: 135
=========
xor_sum: 135
xtime_sum: 190
mat:
GF([[ 2,  7, 10,  4,  9],
    [ 9,  2,  7, 10,  4],
    [ 4,  9,  2,  7, 10],
    [10,  4,  9,  2,  7],
    [ 7, 10,  4,  9,  2]], order=2^8)
inv:
GF([[ 78, 213, 226, 245,   1],
    [  1,  78, 213, 226, 245],
    [245,   1,  78, 213, 226],
    [226, 245,   1,  78, 213],
    [213, 226, 245,   1,  78]], order=2^8)
===================================
Comparing to photon_5x5
- beats xor_enc: 40 vs 44
