xor_enc: 50
xtime_enc: 45
=========
xor_dec: 55
xtime_dec: 140
=========
xor_sum: 105
xtime_sum: 185
mat:
GF([[ 2,  7, 10,  7,  3],
    [ 3,  2,  7, 10,  7],
    [ 7,  3,  2,  7, 10],
    [10,  7,  3,  2,  7],
    [ 7, 10,  7,  3,  2]], order=2^8)
inv:
GF([[ 20, 152, 128,   9, 197],
    [197,  20, 152, 128,   9],
    [  9, 197,  20, 152, 128],
    [128,   9, 197,  20, 152],
    [152, 128,   9, 197,  20]], order=2^8)
===================================
Comparing to photon_5x5
- beats xtime_enc: 45 vs 52
