xor_enc: 40
xtime_enc: 55
=========
xor_dec: 115
xtime_dec: 165
=========
xor_sum: 155
xtime_sum: 220
mat:
GF([[ 2,  8,  5, 10,  7],
    [ 7,  2,  8,  5, 10],
    [10,  7,  2,  8,  5],
    [ 5, 10,  7,  2,  8],
    [ 8,  5, 10,  7,  2]], order=2^8)
inv:
GF([[234, 236, 125, 136, 126],
    [126, 234, 236, 125, 136],
    [136, 126, 234, 236, 125],
    [125, 136, 126, 234, 236],
    [236, 125, 136, 126, 234]], order=2^8)
===================================
Comparing to photon_5x5
- beats xor_enc: 40 vs 44
