xor_enc: 30
xtime_enc: 65
=========
xor_dec: 90
xtime_dec: 135
=========
xor_sum: 120
xtime_sum: 200
mat:
GF([[ 2, 10,  8,  8,  9],
    [ 9,  2, 10,  8,  8],
    [ 8,  9,  2, 10,  8],
    [ 8,  8,  9,  2, 10],
    [10,  8,  8,  9,  2]], order=2^8)
inv:
GF([[ 52, 206, 205,  60,  10],
    [ 10,  52, 206, 205,  60],
    [ 60,  10,  52, 206, 205],
    [205,  60,  10,  52, 206],
    [206, 205,  60,  10,  52]], order=2^8)
===================================
Comparing to photon_5x5
- beats xor_enc: 30 vs 44
