xor_enc: 50
xtime_enc: 40
=========
xor_dec: 105
xtime_dec: 160
=========
xor_sum: 155
xtime_sum: 200
mat:
GF([[ 1,  3, 10,  7,  7],
    [ 7,  1,  3, 10,  7],
    [ 7,  7,  1,  3, 10],
    [10,  7,  7,  1,  3],
    [ 3, 10,  7,  7,  1]], order=2^8)
inv:
GF([[ 40,  85, 254, 167, 204],
    [204,  40,  85, 254, 167],
    [167, 204,  40,  85, 254],
    [254, 167, 204,  40,  85],
    [ 85, 254, 167, 204,  40]], order=2^8)
===================================
Comparing to photon_5x5
- beats xtime_enc: 40 vs 52
