xor_enc: 35
xtime_enc: 55
=========
xor_dec: 110
xtime_dec: 155
=========
xor_sum: 145
xtime_sum: 210
mat:
GF([[ 1,  6, 10,  8,  9],
    [ 9,  1,  6, 10,  8],
    [ 8,  9,  1,  6, 10],
    [10,  8,  9,  1,  6],
    [ 6, 10,  8,  9,  1]], order=2^8)
inv:
GF([[232, 191,  22, 186,  75],
    [ 75, 232, 191,  22, 186],
    [186,  75, 232, 191,  22],
    [ 22, 186,  75, 232, 191],
    [191,  22, 186,  75, 232]], order=2^8)
===================================
Comparing to photon_5x5
- beats xor_enc: 35 vs 44
