xor_enc: 30
xtime_enc: 55
=========
xor_dec: 80
xtime_dec: 120
=========
xor_sum: 110
xtime_sum: 175
mat:
GF([[ 2,  4, 10,  8,  5],
    [ 5,  2,  4, 10,  8],
    [ 8,  5,  2,  4, 10],
    [10,  8,  5,  2,  4],
    [ 4, 10,  8,  5,  2]], order=2^8)
inv:
GF([[ 12, 116, 220, 166,   3],
    [  3,  12, 116, 220, 166],
    [166,   3,  12, 116, 220],
    [220, 166,   3,  12, 116],
    [116, 220, 166,   3,  12]], order=2^8)
===================================
Comparing to photon_5x5
- beats xor_enc: 30 vs 44
