xor_enc: 45
xtime_enc: 35
=========
xor_dec: 120
xtime_dec: 150
=========
xor_sum: 165
xtime_sum: 185
mat:
GF([[ 1,  3,  7,  3, 10],
    [10,  1,  3,  7,  3],
    [ 3, 10,  1,  3,  7],
    [ 7,  3, 10,  1,  3],
    [ 3,  7,  3, 10,  1]], order=2^8)
inv:
GF([[ 59, 108, 117, 236, 126],
    [126,  59, 108, 117, 236],
    [236, 126,  59, 108, 117],
    [117, 236, 126,  59, 108],
    [108, 117, 236, 126,  59]], order=2^8)
===================================
Comparing to photon_5x5
- beats xtime_enc: 35 vs 52
