xor_enc: 35
xtime_enc: 55
=========
xor_dec: 90
xtime_dec: 145
=========
xor_sum: 125
xtime_sum: 200
mat:
GF([[ 2, 10,  3,  8,  9],
    [ 9,  2, 10,  3,  8],
    [ 8,  9,  2, 10,  3],
    [ 3,  8,  9,  2, 10],
    [10,  3,  8,  9,  2]], order=2^8)
inv:
GF([[236,  57, 125,  16, 145],
    [145, 236,  57, 125,  16],
    [ 16, 145, 236,  57, 125],
    [125,  16, 145, 236,  57],
    [ 57, 125,  16, 145, 236]], order=2^8)
===================================
Comparing to photon_5x5
- beats xor_enc: 35 vs 44
