xor_enc: 30
xtime_enc: 55
=========
xor_dec: 90
xtime_dec: 145
=========
xor_sum: 120
xtime_sum: 200
mat:
GF([[ 1,  8,  4,  9, 10],
    [10,  1,  8,  4,  9],
    [ 9, 10,  1,  8,  4],
    [ 4,  9, 10,  1,  8],
    [ 8,  4,  9, 10,  1]], order=2^8)
inv:
GF([[225,   7, 195, 177, 113],
    [113, 225,   7, 195, 177],
    [177, 113, 225,   7, 195],
    [195, 177, 113, 225,   7],
    [  7, 195, 177, 113, 225]], order=2^8)
===================================
Comparing to photon_5x5
- beats xor_enc: 30 vs 44
