xor_enc: 45
xtime_enc: 50
=========
xor_dec: 100
xtime_dec: 160
=========
xor_sum: 145
xtime_sum: 210
mat:
GF([[ 2,  7,  9,  3, 10],
    [10,  2,  7,  9,  3],
    [ 3, 10,  2,  7,  9],
    [ 9,  3, 10,  2,  7],
    [ 7,  9,  3, 10,  2]], order=2^8)
inv:
GF([[ 16, 190, 190, 154, 216],
    [216,  16, 190, 190, 154],
    [154, 216,  16, 190, 190],
    [190, 154, 216,  16, 190],
    [190, 190, 154, 216,  16]], order=2^8)
===================================
Comparing to photon_5x5
- beats xtime_enc: 50 vs 52
