xor_enc: 35
xtime_enc: 60
=========
xor_dec: 110
xtime_dec: 160
=========
xor_sum: 145
xtime_sum: 220
mat:
GF([[ 2,  5, 10,  8, 10],
    [10,  2,  5, 10,  8],
    [ 8, 10,  2,  5, 10],
    [10,  8, 10,  2,  5],
    [ 5, 10,  8, 10,  2]], order=2^8)
inv:
GF([[ 56, 121, 166, 189, 157],
    [157,  56, 121, 166, 189],
    [189, 157,  56, 121, 166],
    [166, 189, 157,  56, 121],
    [121, 166, 189, 157,  56]], order=2^8)
===================================
Comparing to photon_5x5
- beats xor_enc: 35 vs 44
