xor_enc: 35
xtime_enc: 55
=========
xor_dec: 90
xtime_dec: 155
=========
xor_sum: 125
xtime_sum: 210
mat:
GF([[ 3,  2, 10, 10,  8],
    [ 8,  3,  2, 10, 10],
    [10,  8,  3,  2, 10],
    [10, 10,  8,  3,  2],
    [ 2, 10, 10,  8,  3]], order=2^8)
inv:
GF([[ 40, 198, 158,  92,  99],
    [ 99,  40, 198, 158,  92],
    [ 92,  99,  40, 198, 158],
    [158,  92,  99,  40, 198],
    [198, 158,  92,  99,  40]], order=2^8)
===================================
Comparing to photon_5x5
- beats xor_enc: 35 vs 44
