xor_enc: 35
xtime_enc: 55
=========
xor_dec: 110
xtime_dec: 165
=========
xor_sum: 145
xtime_sum: 220
mat:
GF([[ 1,  7,  8,  8, 10],
    [10,  1,  7,  8,  8],
    [ 8, 10,  1,  7,  8],
    [ 8,  8, 10,  1,  7],
    [ 7,  8,  8, 10,  1]], order=2^8)
inv:
GF([[225,  99, 177,  95, 220],
    [220, 225,  99, 177,  95],
    [ 95, 220, 225,  99, 177],
    [177,  95, 220, 225,  99],
    [ 99, 177,  95, 220, 225]], order=2^8)
===================================
Comparing to photon_5x5
- beats xor_enc: 35 vs 44
