xor_enc: 35
xtime_enc: 60
=========
xor_dec: 125
xtime_dec: 160
=========
xor_sum: 160
xtime_sum: 220
mat:
GF([[ 1, 10,  9,  9,  8],
    [ 8,  1, 10,  9,  9],
    [ 9,  8,  1, 10,  9],
    [ 9,  9,  8,  1, 10],
    [10,  9,  9,  8,  1]], order=2^8)
inv:
GF([[229, 142,  47, 237,  95],
    [ 95, 229, 142,  47, 237],
    [237,  95, 229, 142,  47],
    [ 47, 237,  95, 229, 142],
    [142,  47, 237,  95, 229]], order=2^8)
===================================
Comparing to photon_5x5
- beats xor_enc: 35 vs 44
