xor_enc: 35
xtime_enc: 60
=========
xor_dec: 100
xtime_dec: 160
=========
xor_sum: 135
xtime_sum: 220
mat:
GF([[ 2,  8,  9, 10,  5],
    [ 5,  2,  8,  9, 10],
    [10,  5,  2,  8,  9],
    [ 9, 10,  5,  2,  8],
    [ 8,  9, 10,  5,  2]], order=2^8)
inv:
GF([[243, 216, 126,  33, 196],
    [196, 243, 216, 126,  33],
    [ 33, 196, 243, 216, 126],
    [126,  33, 196, 243, 216],
    [216, 126,  33, 196, 243]], order=2^8)
===================================
Comparing to photon_5x5
- beats xor_enc: 35 vs 44
