xor_enc: 40
xtime_enc: 60
=========
xor_dec: 85
xtime_dec: 135
=========
xor_sum: 125
xtime_sum: 195
mat:
GF([[ 2, 10,  9,  9,  5],
    [ 5,  2, 10,  9,  9],
    [ 9,  5,  2, 10,  9],
    [ 9,  9,  5,  2, 10],
    [10,  9,  9,  5,  2]], order=2^8)
inv:
GF([[145, 187, 186,   1, 112],
    [112, 145, 187, 186,   1],
    [  1, 112, 145, 187, 186],
    [186,   1, 112, 145, 187],
    [187, 186,   1, 112, 145]], order=2^8)
===================================
Comparing to photon_5x5
- beats xor_enc: 40 vs 44
