xor_enc: 35
xtime_enc: 55
=========
xor_dec: 105
xtime_dec: 150
=========
xor_sum: 140
xtime_sum: 205
mat:
GF([[ 2,  5,  8,  6, 10],
    [10,  2,  5,  8,  6],
    [ 6, 10,  2,  5,  8],
    [ 8,  6, 10,  2,  5],
    [ 5,  8,  6, 10,  2]], order=2^8)
inv:
GF([[226, 167, 218, 102,  15],
    [ 15, 226, 167, 218, 102],
    [102,  15, 226, 167, 218],
    [218, 102,  15, 226, 167],
    [167, 218, 102,  15, 226]], order=2^8)
===================================
Comparing to photon_5x5
- beats xor_enc: 35 vs 44
