xor_enc: 45
xtime_enc: 50
=========
xor_dec: 90
xtime_dec: 165
=========
xor_sum: 135
xtime_sum: 215
mat:
GF([[ 2, 10,  7,  4,  7],
    [ 7,  2, 10,  7,  4],
    [ 4,  7,  2, 10,  7],
    [ 7,  4,  7,  2, 10],
    [10,  7,  4,  7,  2]], order=2^8)
inv:
GF([[139, 204,  65, 206, 120],
    [120, 139, 204,  65, 206],
    [206, 120, 139, 204,  65],
    [ 65, 206, 120, 139, 204],
    [204,  65, 206, 120, 139]], order=2^8)
===================================
Comparing to photon_5x5
- beats xtime_enc: 50 vs 52
