xor_enc: 35
xtime_enc: 60
=========
xor_dec: 80
xtime_dec: 145
=========
xor_sum: 115
xtime_sum: 205
mat:
GF([[ 2,  4,  9, 10, 10],
    [10,  2,  4,  9, 10],
    [10, 10,  2,  4,  9],
    [ 9, 10, 10,  2,  4],
    [ 4,  9, 10, 10,  2]], order=2^8)
inv:
GF([[128, 250, 180,  20,  29],
    [ 29, 128, 250, 180,  20],
    [ 20,  29, 128, 250, 180],
    [180,  20,  29, 128, 250],
    [250, 180,  20,  29, 128]], order=2^8)
===================================
Comparing to photon_5x5
- beats xor_enc: 35 vs 44
