xor_enc: 35
xtime_enc: 55
=========
xor_dec: 100
xtime_dec: 140
=========
xor_sum: 135
xtime_sum: 195
mat:
GF([[ 2, 10,  3,  9,  8],
    [ 8,  2, 10,  3,  9],
    [ 9,  8,  2, 10,  3],
    [ 3,  9,  8,  2, 10],
    [10,  3,  9,  8,  2]], order=2^8)
inv:
GF([[170, 250, 182,   1, 206],
    [206, 170, 250, 182,   1],
    [  1, 206, 170, 250, 182],
    [182,   1, 206, 170, 250],
    [250, 182,   1, 206, 170]], order=2^8)
===================================
Comparing to photon_5x5
- beats xor_enc: 35 vs 44
