xor_enc: 35
xtime_enc: 60
=========
xor_dec: 110
xtime_dec: 150
=========
xor_sum: 145
xtime_sum: 210
mat:
GF([[ 2,  9, 10,  5,  8],
    [ 8,  2,  9, 10,  5],
    [ 5,  8,  2,  9, 10],
    [10,  5,  8,  2,  9],
    [ 9, 10,  5,  8,  2]], order=2^8)
inv:
GF([[231, 197, 167,  27,  46],
    [ 46, 231, 197, 167,  27],
    [ 27,  46, 231, 197, 167],
    [167,  27,  46, 231, 197],
    [197, 167,  27,  46, 231]], order=2^8)
===================================
Comparing to photon_5x5
- beats xor_enc: 35 vs 44
