xor_enc: 45
xtime_enc: 45
=========
xor_dec: 85
xtime_dec: 155
=========
xor_sum: 130
xtime_sum: 200
mat:
GF([[ 1, 10,  7,  9,  3],
    [ 3,  1, 10,  7,  9],
    [ 9,  3,  1, 10,  7],
    [ 7,  9,  3,  1, 10],
    [10,  7,  9,  3,  1]], order=2^8)
inv:
GF([[145,  93,  98,  48, 229],
    [229, 145,  93,  98,  48],
    [ 48, 229, 145,  93,  98],
    [ 98,  48, 229, 145,  93],
    [ 93,  98,  48, 229, 145]], order=2^8)
===================================
Comparing to photon_5x5
- beats xtime_enc: 45 vs 52
