xor_enc: 40
xtime_enc: 55
=========
xor_dec: 105
xtime_dec: 160
=========
xor_sum: 145
xtime_sum: 215
mat:
GF([[ 2,  5, 10,  8,  7],
    [ 7,  2,  5, 10,  8],
    [ 8,  7,  2,  5, 10],
    [10,  8,  7,  2,  5],
    [ 5, 10,  8,  7,  2]], order=2^8)
inv:
GF([[ 75, 203,  61, 209, 225],
    [225,  75, 203,  61, 209],
    [209, 225,  75, 203,  61],
    [ 61, 209, 225,  75, 203],
    [203,  61, 209, 225,  75]], order=2^8)
===================================
Comparing to photon_5x5
- beats xor_enc: 40 vs 44
