xor_enc: 45
xtime_enc: 50
=========
xor_dec: 100
xtime_dec: 160
=========
xor_sum: 145
xtime_sum: 210
mat:
GF([[ 2, 10,  3,  9,  7],
    [ 7,  2, 10,  3,  9],
    [ 9,  7,  2, 10,  3],
    [ 3,  9,  7,  2, 10],
    [10,  3,  9,  7,  2]], order=2^8)
inv:
GF([[ 16, 216, 154, 190, 190],
    [190,  16, 216, 154, 190],
    [190, 190,  16, 216, 154],
    [154, 190, 190,  16, 216],
    [216, 154, 190, 190,  16]], order=2^8)
===================================
Comparing to photon_5x5
- beats xtime_enc: 50 vs 52
