xor_enc: 35
xtime_enc: 60
=========
xor_dec: 90
xtime_dec: 150
=========
xor_sum: 125
xtime_sum: 210
mat:
GF([[ 2, 10,  9, 10,  4],
    [ 4,  2, 10,  9, 10],
    [10,  4,  2, 10,  9],
    [ 9, 10,  4,  2, 10],
    [10,  9, 10,  4,  2]], order=2^8)
inv:
GF([[200,  44,  30, 220, 225],
    [225, 200,  44,  30, 220],
    [220, 225, 200,  44,  30],
    [ 30, 220, 225, 200,  44],
    [ 44,  30, 220, 225, 200]], order=2^8)
===================================
Comparing to photon_5x5
- beats xor_enc: 35 vs 44
