xor_enc: 40
xtime_enc: 55
=========
xor_dec: 95
xtime_dec: 155
=========
xor_sum: 135
xtime_sum: 210
mat:
GF([[ 3,  3,  9, 10,  8],
    [ 8,  3,  3,  9, 10],
    [10,  8,  3,  3,  9],
    [ 9, 10,  8,  3,  3],
    [ 3,  9, 10,  8,  3]], order=2^8)
inv:
GF([[112, 215, 115,  81,  69],
    [ 69, 112, 215, 115,  81],
    [ 81,  69, 112, 215, 115],
    [115,  81,  69, 112, 215],
    [215, 115,  81,  69, 112]], order=2^8)
===================================
Comparing to photon_5x5
- beats xor_enc: 40 vs 44
