xor_enc: 40
xtime_enc: 55
=========
xor_dec: 120
xtime_dec: 160
=========
xor_sum: 160
xtime_sum: 215
mat:
GF([[ 1,  6,  9, 10, 10],
    [10,  1,  6,  9, 10],
    [10, 10,  1,  6,  9],
    [ 9, 10, 10,  1,  6],
    [ 6,  9, 10, 10,  1]], order=2^8)
inv:
GF([[ 33, 114, 253, 190, 245],
    [245,  33, 114, 253, 190],
    [190, 245,  33, 114, 253],
    [253, 190, 245,  33, 114],
    [114, 253, 190, 245,  33]], order=2^8)
===================================
Comparing to photon_5x5
- beats xor_enc: 40 vs 44
