xor_enc: 30
xtime_enc: 55
=========
xor_dec: 115
xtime_dec: 175
=========
xor_sum: 145
xtime_sum: 230
mat:
GF([[ 1,  8,  6, 10,  8],
    [ 8,  1,  8,  6, 10],
    [10,  8,  1,  8,  6],
    [ 6, 10,  8,  1,  8],
    [ 8,  6, 10,  8,  1]], order=2^8)
inv:
GF([[249, 168, 211, 150, 245],
    [245, 249, 168, 211, 150],
    [150, 245, 249, 168, 211],
    [211, 150, 245, 249, 168],
    [168, 211, 150, 245, 249]], order=2^8)
===================================
Comparing to photon_5x5
- beats xor_enc: 30 vs 44
