xor_enc: 40
xtime_enc: 60
=========
xor_dec: 115
xtime_dec: 160
=========
xor_sum: 155
xtime_sum: 220
mat:
GF([[ 2, 10,  9,  5,  9],
    [ 9,  2, 10,  9,  5],
    [ 5,  9,  2, 10,  9],
    [ 9,  5,  9,  2, 10],
    [10,  9,  5,  9,  2]], order=2^8)
inv:
GF([[ 37, 249, 241, 118, 186],
    [186,  37, 249, 241, 118],
    [118, 186,  37, 249, 241],
    [241, 118, 186,  37, 249],
    [249, 241, 118, 186,  37]], order=2^8)
===================================
Comparing to photon_5x5
- beats xor_enc: 40 vs 44
