xor_enc: 50
xtime_enc: 45
=========
xor_dec: 80
xtime_dec: 145
=========
xor_sum: 130
xtime_sum: 190
mat:
GF([[ 1, 10,  5,  7,  7],
    [ 7,  1, 10,  5,  7],
    [ 7,  7,  1, 10,  5],
    [ 5,  7,  7,  1, 10],
    [10,  5,  7,  7,  1]], order=2^8)
inv:
GF([[ 78,  87,  70,  16, 170],
    [170,  78,  87,  70,  16],
    [ 16, 170,  78,  87,  70],
    [ 70,  16, 170,  78,  87],
    [ 87,  70,  16, 170,  78]], order=2^8)
===================================
Comparing to photon_5x5
- beats xtime_enc: 45 vs 52
