xor_enc: 35
xtime_enc: 55
=========
xor_dec: 85
xtime_dec: 160
=========
xor_sum: 120
xtime_sum: 215
mat:
GF([[ 2,  4,  6, 10,  9],
    [ 9,  2,  4,  6, 10],
    [10,  9,  2,  4,  6],
    [ 6, 10,  9,  2,  4],
    [ 4,  6, 10,  9,  2]], order=2^8)
inv:
GF([[ 93, 194, 141, 200,  44],
    [ 44,  93, 194, 141, 200],
    [200,  44,  93, 194, 141],
    [141, 200,  44,  93, 194],
    [194, 141, 200,  44,  93]], order=2^8)
===================================
Comparing to photon_5x5
- beats xor_enc: 35 vs 44
