xor_enc: 50
xtime_enc: 50
=========
xor_dec: 90
xtime_dec: 175
=========
xor_sum: 140
xtime_sum: 225
mat:
GF([[ 3,  3, 10,  9,  7],
    [ 7,  3,  3, 10,  9],
    [ 9,  7,  3,  3, 10],
    [10,  9,  7,  3,  3],
    [ 3, 10,  9,  7,  3]], order=2^8)
inv:
GF([[152, 167, 208, 229, 193],
    [193, 152, 167, 208, 229],
    [229, 193, 152, 167, 208],
    [208, 229, 193, 152, 167],
    [167, 208, 229, 193, 152]], order=2^8)
===================================
Comparing to photon_5x5
- beats xtime_enc: 50 vs 52
