xor_enc: 45
xtime_enc: 45
=========
xor_dec: 100
xtime_dec: 145
=========
xor_sum: 145
xtime_sum: 190
mat:
GF([[ 1,  7, 10,  7,  4],
    [ 4,  1,  7, 10,  7],
    [ 7,  4,  1,  7, 10],
    [10,  7,  4,  1,  7],
    [ 7, 10,  7,  4,  1]], order=2^8)
inv:
GF([[ 45,  73, 244, 125,  42],
    [ 42,  45,  73, 244, 125],
    [125,  42,  45,  73, 244],
    [244, 125,  42,  45,  73],
    [ 73, 244, 125,  42,  45]], order=2^8)
===================================
Comparing to photon_5x5
- beats xtime_enc: 45 vs 52
