xor_enc: 40
xtime_enc: 60
=========
xor_dec: 65
xtime_dec: 140
=========
xor_sum: 105
xtime_sum: 200
mat:
GF([[ 2, 10, 10,  7,  8],
    [ 8,  2, 10, 10,  7],
    [ 7,  8,  2, 10, 10],
    [10,  7,  8,  2, 10],
    [10, 10,  7,  8,  2]], order=2^8)
inv:
GF([[ 17, 128, 217, 164,  13],
    [ 13,  17, 128, 217, 164],
    [164,  13,  17, 128, 217],
    [217, 164,  13,  17, 128],
    [128, 217, 164,  13,  17]], order=2^8)
===================================
Comparing to photon_5x5
- beats xor_enc: 40 vs 44
