xor_enc: 45
xtime_enc: 50
=========
xor_dec: 90
xtime_dec: 170
=========
xor_sum: 135
xtime_sum: 220
mat:
GF([[ 3,  3,  7,  8, 10],
    [10,  3,  3,  7,  8],
    [ 8, 10,  3,  3,  7],
    [ 7,  8, 10,  3,  3],
    [ 3,  7,  8, 10,  3]], order=2^8)
inv:
GF([[160, 205,  81, 218, 180],
    [180, 160, 205,  81, 218],
    [218, 180, 160, 205,  81],
    [ 81, 218, 180, 160, 205],
    [205,  81, 218, 180, 160]], order=2^8)
===================================
Comparing to photon_5x5
- beats xtime_enc: 50 vs 52
