xor_enc: 35
xtime_enc: 55
=========
xor_dec: 70
xtime_dec: 165
=========
xor_sum: 105
xtime_sum: 220
mat:
GF([[ 1, 10,  8,  6,  9],
    [ 9,  1, 10,  8,  6],
    [ 6,  9,  1, 10,  8],
    [ 8,  6,  9,  1, 10],
    [10,  8,  6,  9,  1]], order=2^8)
inv:
GF([[192, 169,  80, 205,  68],
    [ 68, 192, 169,  80, 205],
    [205,  68, 192, 169,  80],
    [ 80, 205,  68, 192, 169],
    [169,  80, 205,  68, 192]], order=2^8)
===================================
Comparing to photon_5x5
- beats xor_enc: 35 vs 44
