xor_enc: 40
xtime_enc: 55
=========
xor_dec: 115
xtime_dec: 165
=========
xor_sum: 155
xtime_sum: 220
mat:
GF([[ 2, 10,  8,  7,  5],
    [ 5,  2, 10,  8,  7],
    [ 7,  5,  2, 10,  8],
    [ 8,  7,  5,  2, 10],
    [10,  8,  7,  5,  2]], order=2^8)
inv:
GF([[234, 136, 236, 126, 125],
    [125, 234, 136, 236, 126],
    [126, 125, 234, 136, 236],
    [236, 126, 125, 234, 136],
    [136, 236, 126, 125, 234]], order=2^8)
===================================
Comparing to photon_5x5
- beats xor_enc: 40 vs 44
