xor_enc: 35
xtime_enc: 55
=========
xor_dec: 140
xtime_dec: 175
=========
xor_sum: 175
xtime_sum: 230
mat:
GF([[ 1, 10,  6,  9,  8],
    [ 8,  1, 10,  6,  9],
    [ 9,  8,  1, 10,  6],
    [ 6,  9,  8,  1, 10],
    [10,  6,  9,  8,  1]], order=2^8)
inv:
GF([[221, 175, 151, 238, 187],
    [187, 221, 175, 151, 238],
    [238, 187, 221, 175, 151],
    [151, 238, 187, 221, 175],
    [175, 151, 238, 187, 221]], order=2^8)
===================================
Comparing to photon_5x5
- beats xor_enc: 35 vs 44
