xor_enc: 30
xtime_enc: 55
=========
xor_dec: 80
xtime_dec: 150
=========
xor_sum: 110
xtime_sum: 205
mat:
GF([[ 1,  8,  9, 10,  4],
    [ 4,  1,  8,  9, 10],
    [10,  4,  1,  8,  9],
    [ 9, 10,  4,  1,  8],
    [ 8,  9, 10,  4,  1]], order=2^8)
inv:
GF([[177,  77, 162,   8, 179],
    [179, 177,  77, 162,   8],
    [  8, 179, 177,  77, 162],
    [162,   8, 179, 177,  77],
    [ 77, 162,   8, 179, 177]], order=2^8)
===================================
Comparing to photon_5x5
- beats xor_enc: 30 vs 44
