xor_enc: 45
xtime_enc: 50
=========
xor_dec: 90
xtime_dec: 150
=========
xor_sum: 135
xtime_sum: 200
mat:
GF([[ 2,  7, 10,  6,  5],
    [ 5,  2,  7, 10,  6],
    [ 6,  5,  2,  7, 10],
    [10,  6,  5,  2,  7],
    [ 7, 10,  6,  5,  2]], order=2^8)
inv:
GF([[114,  66, 254,  44,  82],
    [ 82, 114,  66, 254,  44],
    [ 44,  82, 114,  66, 254],
    [254,  44,  82, 114,  66],
    [ 66, 254,  44,  82, 114]], order=2^8)
===================================
Comparing to photon_5x5
- beats xtime_enc: 50 vs 52
