xor_enc: 45
xtime_enc: 45
=========
xor_dec: 80
xtime_dec: 150
=========
xor_sum: 125
xtime_sum: 195
mat:
GF([[ 2,  3, 10,  6,  7],
    [ 7,  2,  3, 10,  6],
    [ 6,  7,  2,  3, 10],
    [10,  6,  7,  2,  3],
    [ 3, 10,  6,  7,  2]], order=2^8)
inv:
GF([[ 92, 113, 198, 208,  18],
    [ 18,  92, 113, 198, 208],
    [208,  18,  92, 113, 198],
    [198, 208,  18,  92, 113],
    [113, 198, 208,  18,  92]], order=2^8)
===================================
Comparing to photon_5x5
- beats xtime_enc: 45 vs 52
