xor_enc: 45
xtime_enc: 45
=========
xor_dec: 100
xtime_dec: 145
=========
xor_sum: 145
xtime_sum: 190
mat:
GF([[ 1, 10,  4,  7,  7],
    [ 7,  1, 10,  4,  7],
    [ 7,  7,  1, 10,  4],
    [ 4,  7,  7,  1, 10],
    [10,  4,  7,  7,  1]], order=2^8)
inv:
GF([[ 45, 244,  42,  73, 125],
    [125,  45, 244,  42,  73],
    [ 73, 125,  45, 244,  42],
    [ 42,  73, 125,  45, 244],
    [244,  42,  73, 125,  45]], order=2^8)
===================================
Comparing to photon_5x5
- beats xtime_enc: 45 vs 52
