xor_enc: 30
xtime_enc: 55
=========
xor_dec: 80
xtime_dec: 145
=========
xor_sum: 110
xtime_sum: 200
mat:
GF([[ 1, 10,  8,  5,  8],
    [ 8,  1, 10,  8,  5],
    [ 5,  8,  1, 10,  8],
    [ 8,  5,  8,  1, 10],
    [10,  8,  5,  8,  1]], order=2^8)
inv:
GF([[ 97, 142, 194,   5, 205],
    [205,  97, 142, 194,   5],
    [  5, 205,  97, 142, 194],
    [194,   5, 205,  97, 142],
    [142, 194,   5, 205,  97]], order=2^8)
===================================
Comparing to photon_5x5
- beats xor_enc: 30 vs 44
