xor_enc: 30
xtime_enc: 55
=========
xor_dec: 75
xtime_dec: 160
=========
xor_sum: 105
xtime_sum: 215
mat:
GF([[ 2,  4, 10,  8,  6],
    [ 6,  2,  4, 10,  8],
    [ 8,  6,  2,  4, 10],
    [10,  8,  6,  2,  4],
    [ 4, 10,  8,  6,  2]], order=2^8)
inv:
GF([[146,  96, 143, 200,  56],
    [ 56, 146,  96, 143, 200],
    [200,  56, 146,  96, 143],
    [143, 200,  56, 146,  96],
    [ 96, 143, 200,  56, 146]], order=2^8)
===================================
Comparing to photon_5x5
- beats xor_enc: 30 vs 44
