xor_enc: 45
xtime_enc: 50
=========
xor_dec: 125
xtime_dec: 165
=========
xor_sum: 170
xtime_sum: 215
mat:
GF([[ 1,  7,  5, 10, 10],
    [10,  1,  7,  5, 10],
    [10, 10,  1,  7,  5],
    [ 5, 10, 10,  1,  7],
    [ 7,  5, 10, 10,  1]], order=2^8)
inv:
GF([[254, 241, 101, 241, 109],
    [109, 254, 241, 101, 241],
    [241, 109, 254, 241, 101],
    [101, 241, 109, 254, 241],
    [241, 101, 241, 109, 254]], order=2^8)
===================================
Comparing to photon_5x5
- beats xtime_enc: 50 vs 52
