xor_enc: 30
xtime_enc: 55
=========
xor_dec: 95
xtime_dec: 145
=========
xor_sum: 125
xtime_sum: 200
mat:
GF([[ 2,  6,  4,  8, 10],
    [10,  2,  6,  4,  8],
    [ 8, 10,  2,  6,  4],
    [ 4,  8, 10,  2,  6],
    [ 6,  4,  8, 10,  2]], order=2^8)
inv:
GF([[ 83, 235, 210, 227,   4],
    [  4,  83, 235, 210, 227],
    [227,   4,  83, 235, 210],
    [210, 227,   4,  83, 235],
    [235, 210, 227,   4,  83]], order=2^8)
===================================
Comparing to photon_5x5
- beats xor_enc: 30 vs 44
