xor_enc: 25
xtime_enc: 55
=========
xor_dec: 80
xtime_dec: 150
=========
xor_sum: 105
xtime_sum: 205
mat:
GF([[ 1,  8,  4, 10,  8],
    [ 8,  1,  8,  4, 10],
    [10,  8,  1,  8,  4],
    [ 4, 10,  8,  1,  8],
    [ 8,  4, 10,  8,  1]], order=2^8)
inv:
GF([[155,  10, 139,  73, 148],
    [148, 155,  10, 139,  73],
    [ 73, 148, 155,  10, 139],
    [139,  73, 148, 155,  10],
    [ 10, 139,  73, 148, 155]], order=2^8)
===================================
Comparing to photon_5x5
- beats xor_enc: 25 vs 44
