xor_enc: 40
xtime_enc: 55
=========
xor_dec: 95
xtime_dec: 135
=========
xor_sum: 135
xtime_sum: 190
mat:
GF([[ 1, 10,  6,  9,  9],
    [ 9,  1, 10,  6,  9],
    [ 9,  9,  1, 10,  6],
    [ 6,  9,  9,  1, 10],
    [10,  6,  9,  9,  1]], order=2^8)
inv:
GF([[115,  12,  42, 217, 109],
    [109, 115,  12,  42, 217],
    [217, 109, 115,  12,  42],
    [ 42, 217, 109, 115,  12],
    [ 12,  42, 217, 109, 115]], order=2^8)
===================================
Comparing to photon_5x5
- beats xor_enc: 40 vs 44
