xor_enc: 30
xtime_enc: 65
=========
xor_dec: 80
xtime_dec: 150
=========
xor_sum: 110
xtime_sum: 215
mat:
GF([[ 2,  8,  8, 10,  9],
    [ 9,  2,  8,  8, 10],
    [10,  9,  2,  8,  8],
    [ 8, 10,  9,  2,  8],
    [ 8,  8, 10,  9,  2]], order=2^8)
inv:
GF([[ 16, 128, 153, 115, 123],
    [123,  16, 128, 153, 115],
    [115, 123,  16, 128, 153],
    [153, 115, 123,  16, 128],
    [128, 153, 115, 123,  16]], order=2^8)
===================================
Comparing to photon_5x5
- beats xor_enc: 30 vs 44
