xor_enc: 40
xtime_enc: 60
=========
xor_dec: 90
xtime_dec: 150
=========
xor_sum: 130
xtime_sum: 210
mat:
GF([[ 2,  6,  9,  9, 10],
    [10,  2,  6,  9,  9],
    [ 9, 10,  2,  6,  9],
    [ 9,  9, 10,  2,  6],
    [ 6,  9,  9, 10,  2]], order=2^8)
inv:
GF([[203,  36, 131, 150,  31],
    [ 31, 203,  36, 131, 150],
    [150,  31, 203,  36, 131],
    [131, 150,  31, 203,  36],
    [ 36, 131, 150,  31, 203]], order=2^8)
===================================
Comparing to photon_5x5
- beats xor_enc: 40 vs 44
