xor_enc: 40
xtime_enc: 55
=========
xor_dec: 105
xtime_dec: 150
=========
xor_sum: 145
xtime_sum: 205
mat:
GF([[ 2,  6,  9,  5, 10],
    [10,  2,  6,  9,  5],
    [ 5, 10,  2,  6,  9],
    [ 9,  5, 10,  2,  6],
    [ 6,  9,  5, 10,  2]], order=2^8)
inv:
GF([[ 43,  29, 214, 171, 198],
    [198,  43,  29, 214, 171],
    [171, 198,  43,  29, 214],
    [214, 171, 198,  43,  29],
    [ 29, 214, 171, 198,  43]], order=2^8)
===================================
Comparing to photon_5x5
- beats xor_enc: 40 vs 44
