xor_enc: 35
xtime_enc: 60
=========
xor_dec: 55
xtime_dec: 165
=========
xor_sum: 90
xtime_sum: 225
mat:
GF([[ 1, 10,  8,  9,  9],
    [ 9,  1, 10,  8,  9],
    [ 9,  9,  1, 10,  8],
    [ 8,  9,  9,  1, 10],
    [10,  8,  9,  9,  1]], order=2^8)
inv:
GF([[102,  96, 240, 128, 128],
    [128, 102,  96, 240, 128],
    [128, 128, 102,  96, 240],
    [240, 128, 128, 102,  96],
    [ 96, 240, 128, 128, 102]], order=2^8)
===================================
Comparing to photon_5x5
- beats xor_enc: 35 vs 44
