xor_enc: 30
xtime_enc: 60
=========
xor_dec: 80
xtime_dec: 140
=========
xor_sum: 110
xtime_sum: 200
mat:
GF([[ 2, 10,  8, 10,  4],
    [ 4,  2, 10,  8, 10],
    [10,  4,  2, 10,  8],
    [ 8, 10,  4,  2, 10],
    [10,  8, 10,  4,  2]], order=2^8)
inv:
GF([[ 84,  19,  99, 227,  34],
    [ 34,  84,  19,  99, 227],
    [227,  34,  84,  19,  99],
    [ 99, 227,  34,  84,  19],
    [ 19,  99, 227,  34,  84]], order=2^8)
===================================
Comparing to photon_5x5
- beats xor_enc: 30 vs 44
