xor_enc: 30
xtime_enc: 60
=========
xor_dec: 65
xtime_dec: 120
=========
xor_sum: 95
xtime_sum: 180
mat:
GF([[ 2, 10,  8,  4,  9],
    [ 9,  2, 10,  8,  4],
    [ 4,  9,  2, 10,  8],
    [ 8,  4,  9,  2, 10],
    [10,  8,  4,  9,  2]], order=2^8)
inv:
GF([[ 85, 232,  28,  66,   2],
    [  2,  85, 232,  28,  66],
    [ 66,   2,  85, 232,  28],
    [ 28,  66,   2,  85, 232],
    [232,  28,  66,   2,  85]], order=2^8)
===================================
Comparing to photon_5x5
- beats xor_enc: 30 vs 44
