xor_enc: 30
xtime_enc: 60
=========
xor_dec: 115
xtime_dec: 175
=========
xor_sum: 145
xtime_sum: 235
mat:
GF([[ 2,  9,  8,  4, 10],
    [10,  2,  9,  8,  4],
    [ 4, 10,  2,  9,  8],
    [ 8,  4, 10,  2,  9],
    [ 9,  8,  4, 10,  2]], order=2^8)
inv:
GF([[229, 193, 214, 229, 246],
    [246, 229, 193, 214, 229],
    [229, 246, 229, 193, 214],
    [214, 229, 246, 229, 193],
    [193, 214, 229, 246, 229]], order=2^8)
===================================
Comparing to photon_5x5
- beats xor_enc: 30 vs 44
