xor_enc: 40
xtime_enc: 55
=========
xor_dec: 85
xtime_dec: 155
=========
xor_sum: 125
xtime_sum: 210
mat:
GF([[ 2,  5,  8,  7, 10],
    [10,  2,  5,  8,  7],
    [ 7, 10,  2,  5,  8],
    [ 8,  7, 10,  2,  5],
    [ 5,  8,  7, 10,  2]], order=2^8)
inv:
GF([[194,  97, 225, 221,  18],
    [ 18, 194,  97, 225, 221],
    [221,  18, 194,  97, 225],
    [225, 221,  18, 194,  97],
    [ 97, 225, 221,  18, 194]], order=2^8)
===================================
Comparing to photon_5x5
- beats xor_enc: 40 vs 44
