xor_enc: 35
xtime_enc: 60
=========
xor_dec: 80
xtime_dec: 145
=========
xor_sum: 115
xtime_sum: 205
mat:
GF([[ 2, 10,  5,  8,  9],
    [ 9,  2, 10,  5,  8],
    [ 8,  9,  2, 10,  5],
    [ 5,  8,  9,  2, 10],
    [10,  5,  8,  9,  2]], order=2^8)
inv:
GF([[ 52,  52, 112, 141,  77],
    [ 77,  52,  52, 112, 141],
    [141,  77,  52,  52, 112],
    [112, 141,  77,  52,  52],
    [ 52, 112, 141,  77,  52]], order=2^8)
===================================
Comparing to photon_5x5
- beats xor_enc: 35 vs 44
