xor_enc: 30
xtime_enc: 60
=========
xor_dec: 75
xtime_dec: 125
=========
xor_sum: 105
xtime_sum: 185
mat:
GF([[ 2,  8,  5,  8, 10],
    [10,  2,  8,  5,  8],
    [ 8, 10,  2,  8,  5],
    [ 5,  8, 10,  2,  8],
    [ 8,  5,  8, 10,  2]], order=2^8)
inv:
GF([[ 32,  19,  44, 229,  27],
    [ 27,  32,  19,  44, 229],
    [229,  27,  32,  19,  44],
    [ 44, 229,  27,  32,  19],
    [ 19,  44, 229,  27,  32]], order=2^8)
===================================
Comparing to photon_5x5
- beats xor_enc: 30 vs 44
