xor_enc: 45
xtime_enc: 40
=========
xor_dec: 80
xtime_dec: 155
=========
xor_sum: 125
xtime_sum: 195
mat:
GF([[ 1,  7,  5, 10,  3],
    [ 3,  1,  7,  5, 10],
    [10,  3,  1,  7,  5],
    [ 5, 10,  3,  1,  7],
    [ 7,  5, 10,  3,  1]], order=2^8)
inv:
GF([[174,  36, 170,  74,  67],
    [ 67, 174,  36, 170,  74],
    [ 74,  67, 174,  36, 170],
    [170,  74,  67, 174,  36],
    [ 36, 170,  74,  67, 174]], order=2^8)
===================================
Comparing to photon_5x5
- beats xtime_enc: 40 vs 52
