xor_enc: 35
xtime_enc: 60
=========
xor_dec: 70
xtime_dec: 130
=========
xor_sum: 105
xtime_sum: 190
mat:
GF([[ 2,  7, 10,  8,  8],
    [ 8,  2,  7, 10,  8],
    [ 8,  8,  2,  7, 10],
    [10,  8,  8,  2,  7],
    [ 7, 10,  8,  8,  2]], order=2^8)
inv:
GF([[ 82, 116,  81, 178,   2],
    [  2,  82, 116,  81, 178],
    [178,   2,  82, 116,  81],
    [ 81, 178,   2,  82, 116],
    [116,  81, 178,   2,  82]], order=2^8)
===================================
Comparing to photon_5x5
- beats xor_enc: 35 vs 44
