xor_enc: 30
xtime_enc: 60
=========
xor_dec: 115
xtime_dec: 175
=========
xor_sum: 145
xtime_sum: 235
mat:
GF([[ 2,  8, 10,  9,  4],
    [ 4,  2,  8, 10,  9],
    [ 9,  4,  2,  8, 10],
    [10,  9,  4,  2,  8],
    [ 8, 10,  9,  4,  2]], order=2^8)
inv:
GF([[229, 214, 246, 193, 229],
    [229, 229, 214, 246, 193],
    [193, 229, 229, 214, 246],
    [246, 193, 229, 229, 214],
    [214, 246, 193, 229, 229]], order=2^8)
===================================
Comparing to photon_5x5
- beats xor_enc: 30 vs 44
