xor_enc: 30
xtime_enc: 55
=========
xor_dec: 80
xtime_dec: 120
=========
xor_sum: 110
xtime_sum: 175
mat:
GF([[ 2,  5,  8, 10,  4],
    [ 4,  2,  5,  8, 10],
    [10,  4,  2,  5,  8],
    [ 8, 10,  4,  2,  5],
    [ 5,  8, 10,  4,  2]], order=2^8)
inv:
GF([[ 12,   3, 166, 220, 116],
    [116,  12,   3, 166, 220],
    [220, 116,  12,   3, 166],
    [166, 220, 116,  12,   3],
    [  3, 166, 220, 116,  12]], order=2^8)
===================================
Comparing to photon_5x5
- beats xor_enc: 30 vs 44
