xor_enc: 35
xtime_enc: 55
=========
xor_dec: 75
xtime_dec: 155
=========
xor_sum: 110
xtime_sum: 210
mat:
GF([[ 2, 10,  4,  5, 10],
    [10,  2, 10,  4,  5],
    [ 5, 10,  2, 10,  4],
    [ 4,  5, 10,  2, 10],
    [10,  4,  5, 10,  2]], order=2^8)
inv:
GF([[199,  36, 176, 145,  52],
    [ 52, 199,  36, 176, 145],
    [145,  52, 199,  36, 176],
    [176, 145,  52, 199,  36],
    [ 36, 176, 145,  52, 199]], order=2^8)
===================================
Comparing to photon_5x5
- beats xor_enc: 35 vs 44
