xor_enc: 35
xtime_enc: 55
=========
xor_dec: 115
xtime_dec: 155
=========
xor_sum: 150
xtime_sum: 210
mat:
GF([[ 2,  7, 10,  4,  8],
    [ 8,  2,  7, 10,  4],
    [ 4,  8,  2,  7, 10],
    [10,  4,  8,  2,  7],
    [ 7, 10,  4,  8,  2]], order=2^8)
inv:
GF([[ 25, 207,  93, 226, 159],
    [159,  25, 207,  93, 226],
    [226, 159,  25, 207,  93],
    [ 93, 226, 159,  25, 207],
    [207,  93, 226, 159,  25]], order=2^8)
===================================
Comparing to photon_5x5
- beats xor_enc: 35 vs 44
