xor_enc: 45
xtime_enc: 45
=========
xor_dec: 100
xtime_dec: 145
=========
xor_sum: 145
xtime_sum: 190
mat:
GF([[ 1,  7,  7,  4, 10],
    [10,  1,  7,  7,  4],
    [ 4, 10,  1,  7,  7],
    [ 7,  4, 10,  1,  7],
    [ 7,  7,  4, 10,  1]], order=2^8)
inv:
GF([[ 45, 125,  73,  42, 244],
    [244,  45, 125,  73,  42],
    [ 42, 244,  45, 125,  73],
    [ 73,  42, 244,  45, 125],
    [125,  73,  42, 244,  45]], order=2^8)
===================================
Comparing to photon_5x5
- beats xtime_enc: 45 vs 52
