xor_enc: 40
xtime_enc: 55
=========
xor_dec: 110
xtime_dec: 145
=========
xor_sum: 150
xtime_sum: 200
mat:
GF([[ 1,  6, 10, 10,  9],
    [ 9,  1,  6, 10, 10],
    [10,  9,  1,  6, 10],
    [10, 10,  9,  1,  6],
    [ 6, 10, 10,  9,  1]], order=2^8)
inv:
GF([[149, 116,   5, 190, 191],
    [191, 149, 116,   5, 190],
    [190, 191, 149, 116,   5],
    [  5, 190, 191, 149, 116],
    [116,   5, 190, 191, 149]], order=2^8)
===================================
Comparing to photon_5x5
- beats xor_enc: 40 vs 44
