xor_enc: 50
xtime_enc: 50
=========
xor_dec: 105
xtime_dec: 160
=========
xor_sum: 155
xtime_sum: 210
mat:
GF([[ 2,  7,  5, 10,  7],
    [ 7,  2,  7,  5, 10],
    [10,  7,  2,  7,  5],
    [ 5, 10,  7,  2,  7],
    [ 7,  5, 10,  7,  2]], order=2^8)
inv:
GF([[216,  53, 186,  99, 213],
    [213, 216,  53, 186,  99],
    [ 99, 213, 216,  53, 186],
    [186,  99, 213, 216,  53],
    [ 53, 186,  99, 213, 216]], order=2^8)
===================================
Comparing to photon_5x5
- beats xtime_enc: 50 vs 52
