xor_enc: 35
xtime_enc: 60
=========
xor_dec: 100
xtime_dec: 150
=========
xor_sum: 135
xtime_sum: 210
mat:
GF([[ 2, 10,  9,  8,  6],
    [ 6,  2, 10,  9,  8],
    [ 8,  6,  2, 10,  9],
    [ 9,  8,  6,  2, 10],
    [10,  9,  8,  6,  2]], order=2^8)
inv:
GF([[186,  49, 245, 164,  29],
    [ 29, 186,  49, 245, 164],
    [164,  29, 186,  49, 245],
    [245, 164,  29, 186,  49],
    [ 49, 245, 164,  29, 186]], order=2^8)
===================================
Comparing to photon_5x5
- beats xor_enc: 35 vs 44
