xor_enc: 30
xtime_enc: 55
=========
xor_dec: 90
xtime_dec: 135
=========
xor_sum: 120
xtime_sum: 190
mat:
GF([[ 1,  8,  8,  5, 10],
    [10,  1,  8,  8,  5],
    [ 5, 10,  1,  8,  8],
    [ 8,  5, 10,  1,  8],
    [ 8,  8,  5, 10,  1]], order=2^8)
inv:
GF([[105,  57, 226,  12,  91],
    [ 91, 105,  57, 226,  12],
    [ 12,  91, 105,  57, 226],
    [226,  12,  91, 105,  57],
    [ 57, 226,  12,  91, 105]], order=2^8)
===================================
Comparing to photon_5x5
- beats xor_enc: 30 vs 44
