xor_enc: 40
xtime_enc: 55
=========
xor_dec: 95
xtime_dec: 155
=========
xor_sum: 135
xtime_sum: 210
mat:
GF([[ 3,  3,  8, 10,  9],
    [ 9,  3,  3,  8, 10],
    [10,  9,  3,  3,  8],
    [ 8, 10,  9,  3,  3],
    [ 3,  8, 10,  9,  3]], order=2^8)
inv:
GF([[ 69,  81, 115, 215, 112],
    [112,  69,  81, 115, 215],
    [215, 112,  69,  81, 115],
    [115, 215, 112,  69,  81],
    [ 81, 115, 215, 112,  69]], order=2^8)
===================================
Comparing to photon_5x5
- beats xor_enc: 40 vs 44
