xor_enc: 45
xtime_enc: 45
=========
xor_dec: 90
xtime_dec: 130
=========
xor_sum: 135
xtime_sum: 175
mat:
GF([[ 1, 10,  6,  7,  5],
    [ 5,  1, 10,  6,  7],
    [ 7,  5,  1, 10,  6],
    [ 6,  7,  5,  1, 10],
    [10,  6,  7,  5,  1]], order=2^8)
inv:
GF([[152,  61,   1, 238, 141],
    [141, 152,  61,   1, 238],
    [238, 141, 152,  61,   1],
    [  1, 238, 141, 152,  61],
    [ 61,   1, 238, 141, 152]], order=2^8)
===================================
Comparing to photon_5x5
- beats xtime_enc: 45 vs 52
