xor_enc: 45
xtime_enc: 45
=========
xor_dec: 90
xtime_dec: 165
=========
xor_sum: 135
xtime_sum: 210
mat:
GF([[ 1,  7,  5, 10,  6],
    [ 6,  1,  7,  5, 10],
    [10,  6,  1,  7,  5],
    [ 5, 10,  6,  1,  7],
    [ 7,  5, 10,  6,  1]], order=2^8)
inv:
GF([[105,  77, 227, 161, 161],
    [161, 105,  77, 227, 161],
    [161, 161, 105,  77, 227],
    [227, 161, 161, 105,  77],
    [ 77, 227, 161, 161, 105]], order=2^8)
===================================
Comparing to photon_5x5
- beats xtime_enc: 45 vs 52
