xor_enc: 45
xtime_enc: 40
=========
xor_dec: 110
xtime_dec: 155
=========
xor_sum: 155
xtime_sum: 195
mat:
GF([[ 2, 10,  3,  3,  7],
    [ 7,  2, 10,  3,  3],
    [ 3,  7,  2, 10,  3],
    [ 3,  3,  7,  2, 10],
    [10,  3,  3,  7,  2]], order=2^8)
inv:
GF([[253, 152, 170,  51,  59],
    [ 59, 253, 152, 170,  51],
    [ 51,  59, 253, 152, 170],
    [170,  51,  59, 253, 152],
    [152, 170,  51,  59, 253]], order=2^8)
===================================
Comparing to photon_5x5
- beats xtime_enc: 40 vs 52
