xor_enc: 35
xtime_enc: 55
=========
xor_dec: 70
xtime_dec: 135
=========
xor_sum: 105
xtime_sum: 190
mat:
GF([[ 1,  9,  4, 10, 10],
    [10,  1,  9,  4, 10],
    [10, 10,  1,  9,  4],
    [ 4, 10, 10,  1,  9],
    [ 9,  4, 10, 10,  1]], order=2^8)
inv:
GF([[ 16,  17, 126,  66, 141],
    [141,  16,  17, 126,  66],
    [ 66, 141,  16,  17, 126],
    [126,  66, 141,  16,  17],
    [ 17, 126,  66, 141,  16]], order=2^8)
===================================
Comparing to photon_5x5
- beats xor_enc: 35 vs 44
