xor_enc: 30
xtime_enc: 55
=========
xor_dec: 105
xtime_dec: 160
=========
xor_sum: 135
xtime_sum: 215
mat:
GF([[ 2,  2,  8,  9, 10],
    [10,  2,  2,  8,  9],
    [ 9, 10,  2,  2,  8],
    [ 8,  9, 10,  2,  2],
    [ 2,  8,  9, 10,  2]], order=2^8)
inv:
GF([[149,  86,  44, 221, 242],
    [242, 149,  86,  44, 221],
    [221, 242, 149,  86,  44],
    [ 44, 221, 242, 149,  86],
    [ 86,  44, 221, 242, 149]], order=2^8)
===================================
Comparing to photon_5x5
- beats xor_enc: 30 vs 44
