xor_enc: 45
xtime_enc: 45
=========
xor_dec: 85
xtime_dec: 155
=========
xor_sum: 130
xtime_sum: 200
mat:
GF([[ 1,  9, 10,  3,  7],
    [ 7,  1,  9, 10,  3],
    [ 3,  7,  1,  9, 10],
    [10,  3,  7,  1,  9],
    [ 9, 10,  3,  7,  1]], order=2^8)
inv:
GF([[145,  48,  93, 229,  98],
    [ 98, 145,  48,  93, 229],
    [229,  98, 145,  48,  93],
    [ 93, 229,  98, 145,  48],
    [ 48,  93, 229,  98, 145]], order=2^8)
===================================
Comparing to photon_5x5
- beats xtime_enc: 45 vs 52
