xor_enc: 30
xtime_enc: 55
=========
xor_dec: 95
xtime_dec: 135
=========
xor_sum: 125
xtime_sum: 190
mat:
GF([[ 2,  9, 10,  2,  8],
    [ 8,  2,  9, 10,  2],
    [ 2,  8,  2,  9, 10],
    [10,  2,  8,  2,  9],
    [ 9, 10,  2,  8,  2]], order=2^8)
inv:
GF([[  1, 241, 251,  90, 145],
    [145,   1, 241, 251,  90],
    [ 90, 145,   1, 241, 251],
    [251,  90, 145,   1, 241],
    [241, 251,  90, 145,   1]], order=2^8)
===================================
Comparing to photon_5x5
- beats xor_enc: 30 vs 44
