xor_enc: 40
xtime_enc: 55
=========
xor_dec: 95
xtime_dec: 165
=========
xor_sum: 135
xtime_sum: 220
mat:
GF([[ 2,  6,  5,  9, 10],
    [10,  2,  6,  5,  9],
    [ 9, 10,  2,  6,  5],
    [ 5,  9, 10,  2,  6],
    [ 6,  5,  9, 10,  2]], order=2^8)
inv:
GF([[ 65, 172, 155,  76, 183],
    [183,  65, 172, 155,  76],
    [ 76, 183,  65, 172, 155],
    [155,  76, 183,  65, 172],
    [172, 155,  76, 183,  65]], order=2^8)
===================================
Comparing to photon_5x5
- beats xor_enc: 40 vs 44
