xor_enc: 30
xtime_enc: 55
=========
xor_dec: 90
xtime_dec: 155
=========
xor_sum: 120
xtime_sum: 210
mat:
GF([[ 2,  8,  5, 10,  4],
    [ 4,  2,  8,  5, 10],
    [10,  4,  2,  8,  5],
    [ 5, 10,  4,  2,  8],
    [ 8,  5, 10,  4,  2]], order=2^8)
inv:
GF([[ 53,  89,  83, 190, 128],
    [128,  53,  89,  83, 190],
    [190, 128,  53,  89,  83],
    [ 83, 190, 128,  53,  89],
    [ 89,  83, 190, 128,  53]], order=2^8)
===================================
Comparing to photon_5x5
- beats xor_enc: 30 vs 44
