xor_enc: 35
xtime_enc: 55
=========
xor_dec: 110
xtime_dec: 175
=========
xor_sum: 145
xtime_sum: 230
mat:
GF([[ 1, 10,  8,  5,  9],
    [ 9,  1, 10,  8,  5],
    [ 5,  9,  1, 10,  8],
    [ 8,  5,  9,  1, 10],
    [10,  8,  5,  9,  1]], order=2^8)
inv:
GF([[251, 141, 229, 133, 209],
    [209, 251, 141, 229, 133],
    [133, 209, 251, 141, 229],
    [229, 133, 209, 251, 141],
    [141, 229, 133, 209, 251]], order=2^8)
===================================
Comparing to photon_5x5
- beats xor_enc: 35 vs 44
