xor_enc: 45
xtime_enc: 45
=========
xor_dec: 90
xtime_dec: 130
=========
xor_sum: 135
xtime_sum: 175
mat:
GF([[ 3,  3,  5, 10,  6],
    [ 6,  3,  3,  5, 10],
    [10,  6,  3,  3,  5],
    [ 5, 10,  6,  3,  3],
    [ 3,  5, 10,  6,  3]], order=2^8)
inv:
GF([[131, 239,  53,  12,  26],
    [ 26, 131, 239,  53,  12],
    [ 12,  26, 131, 239,  53],
    [ 53,  12,  26, 131, 239],
    [239,  53,  12,  26, 131]], order=2^8)
===================================
Comparing to photon_5x5
- beats xtime_enc: 45 vs 52
