xor_enc: 50
xtime_enc: 50
=========
xor_dec: 105
xtime_dec: 160
=========
xor_sum: 155
xtime_sum: 210
mat:
GF([[ 2,  5,  7,  7, 10],
    [10,  2,  5,  7,  7],
    [ 7, 10,  2,  5,  7],
    [ 7,  7, 10,  2,  5],
    [ 5,  7,  7, 10,  2]], order=2^8)
inv:
GF([[216, 186, 213,  53,  99],
    [ 99, 216, 186, 213,  53],
    [ 53,  99, 216, 186, 213],
    [213,  53,  99, 216, 186],
    [186, 213,  53,  99, 216]], order=2^8)
===================================
Comparing to photon_5x5
- beats xtime_enc: 50 vs 52
