xor_enc: 45
xtime_enc: 40
=========
xor_dec: 70
xtime_dec: 150
=========
xor_sum: 115
xtime_sum: 190
mat:
GF([[ 1, 10,  5,  3,  7],
    [ 7,  1, 10,  5,  3],
    [ 3,  7,  1, 10,  5],
    [ 5,  3,  7,  1, 10],
    [10,  5,  3,  7,  1]], order=2^8)
inv:
GF([[144,  75,  28,  76, 162],
    [162, 144,  75,  28,  76],
    [ 76, 162, 144,  75,  28],
    [ 28,  76, 162, 144,  75],
    [ 75,  28,  76, 162, 144]], order=2^8)
===================================
Comparing to photon_5x5
- beats xtime_enc: 40 vs 52
