xor_enc: 35
xtime_enc: 65
=========
xor_dec: 125
xtime_dec: 160
=========
xor_sum: 160
xtime_sum: 225
mat:
GF([[ 2, 10, 10,  9,  8],
    [ 8,  2, 10, 10,  9],
    [ 9,  8,  2, 10, 10],
    [10,  9,  8,  2, 10],
    [10, 10,  9,  8,  2]], order=2^8)
inv:
GF([[123, 204,  47, 215, 185],
    [185, 123, 204,  47, 215],
    [215, 185, 123, 204,  47],
    [ 47, 215, 185, 123, 204],
    [204,  47, 215, 185, 123]], order=2^8)
===================================
Comparing to photon_5x5
- beats xor_enc: 35 vs 44
