xor_enc: 40
xtime_enc: 55
=========
xor_dec: 50
xtime_dec: 110
=========
xor_sum: 90
xtime_sum: 165
mat:
GF([[ 1,  5,  9,  9, 10],
    [10,  1,  5,  9,  9],
    [ 9, 10,  1,  5,  9],
    [ 9,  9, 10,  1,  5],
    [ 5,  9,  9, 10,  1]], order=2^8)
inv:
GF([[ 72, 176,  18,  11,   4],
    [  4,  72, 176,  18,  11],
    [ 11,   4,  72, 176,  18],
    [ 18,  11,   4,  72, 176],
    [176,  18,  11,   4,  72]], order=2^8)
===================================
Comparing to photon_5x5
- beats xor_enc: 40 vs 44
