xor_enc: 45
xtime_enc: 50
=========
xor_dec: 90
xtime_dec: 145
=========
xor_sum: 135
xtime_sum: 195
mat:
GF([[ 3,  3,  6,  9, 10],
    [10,  3,  3,  6,  9],
    [ 9, 10,  3,  3,  6],
    [ 6,  9, 10,  3,  3],
    [ 3,  6,  9, 10,  3]], order=2^8)
inv:
GF([[194, 103,  33, 205,  27],
    [ 27, 194, 103,  33, 205],
    [205,  27, 194, 103,  33],
    [ 33, 205,  27, 194, 103],
    [103,  33, 205,  27, 194]], order=2^8)
===================================
Comparing to photon_5x5
- beats xtime_enc: 50 vs 52
