xor_enc: 30
xtime_enc: 60
=========
xor_dec: 75
xtime_dec: 125
=========
xor_sum: 105
xtime_sum: 185
mat:
GF([[ 2,  5, 10,  8,  8],
    [ 8,  2,  5, 10,  8],
    [ 8,  8,  2,  5, 10],
    [10,  8,  8,  2,  5],
    [ 5, 10,  8,  8,  2]], order=2^8)
inv:
GF([[ 32,  44,  27,  19, 229],
    [229,  32,  44,  27,  19],
    [ 19, 229,  32,  44,  27],
    [ 27,  19, 229,  32,  44],
    [ 44,  27,  19, 229,  32]], order=2^8)
===================================
Comparing to photon_5x5
- beats xor_enc: 30 vs 44
