xor_enc: 40
xtime_enc: 55
=========
xor_dec: 105
xtime_dec: 150
=========
xor_sum: 145
xtime_sum: 205
mat:
GF([[ 2,  9,  7, 10,  4],
    [ 4,  2,  9,  7, 10],
    [10,  4,  2,  9,  7],
    [ 7, 10,  4,  2,  9],
    [ 9,  7, 10,  4,  2]], order=2^8)
inv:
GF([[113, 103,  53, 107, 197],
    [197, 113, 103,  53, 107],
    [107, 197, 113, 103,  53],
    [ 53, 107, 197, 113, 103],
    [103,  53, 107, 197, 113]], order=2^8)
===================================
Comparing to photon_5x5
- beats xor_enc: 40 vs 44
