xor_enc: 40
xtime_enc: 55
=========
xor_dec: 85
xtime_dec: 150
=========
xor_sum: 125
xtime_sum: 205
mat:
GF([[ 3,  3, 10,  8,  9],
    [ 9,  3,  3, 10,  8],
    [ 8,  9,  3,  3, 10],
    [10,  8,  9,  3,  3],
    [ 3, 10,  8,  9,  3]], order=2^8)
inv:
GF([[166, 193,   9,  84, 250],
    [250, 166, 193,   9,  84],
    [ 84, 250, 166, 193,   9],
    [  9,  84, 250, 166, 193],
    [193,   9,  84, 250, 166]], order=2^8)
===================================
Comparing to photon_5x5
- beats xor_enc: 40 vs 44
