xor_enc: 50
xtime_enc: 50
=========
xor_dec: 95
xtime_dec: 175
=========
xor_sum: 145
xtime_sum: 225
mat:
GF([[ 1, 10,  7,  7,  9],
    [ 9,  1, 10,  7,  7],
    [ 7,  9,  1, 10,  7],
    [ 7,  7,  9,  1, 10],
    [10,  7,  7,  9,  1]], order=2^8)
inv:
GF([[152, 145, 248, 145, 237],
    [237, 152, 145, 248, 145],
    [145, 237, 152, 145, 248],
    [248, 145, 237, 152, 145],
    [145, 248, 145, 237, 152]], order=2^8)
===================================
Comparing to photon_5x5
- beats xtime_enc: 50 vs 52
