xor_enc: 45
xtime_enc: 50
=========
xor_dec: 80
xtime_dec: 135
=========
xor_sum: 125
xtime_sum: 185
mat:
GF([[ 2, 10,  7,  3,  9],
    [ 9,  2, 10,  7,  3],
    [ 3,  9,  2, 10,  7],
    [ 7,  3,  9,  2, 10],
    [10,  7,  3,  9,  2]], order=2^8)
inv:
GF([[ 27, 209, 201,   8,  89],
    [ 89,  27, 209, 201,   8],
    [  8,  89,  27, 209, 201],
    [201,   8,  89,  27, 209],
    [209, 201,   8,  89,  27]], order=2^8)
===================================
Comparing to photon_5x5
- beats xtime_enc: 50 vs 52
