xor_enc: 45
xtime_enc: 45
=========
xor_dec: 80
xtime_dec: 160
=========
xor_sum: 125
xtime_sum: 205
mat:
GF([[ 1,  7,  6, 10,  6],
    [ 6,  1,  7,  6, 10],
    [10,  6,  1,  7,  6],
    [ 6, 10,  6,  1,  7],
    [ 7,  6, 10,  6,  1]], order=2^8)
inv:
GF([[157, 128, 196,  92,  53],
    [ 53, 157, 128, 196,  92],
    [ 92,  53, 157, 128, 196],
    [196,  92,  53, 157, 128],
    [128, 196,  92,  53, 157]], order=2^8)
===================================
Comparing to photon_5x5
- beats xtime_enc: 45 vs 52
