xor_enc: 35
xtime_enc: 60
=========
xor_dec: 100
xtime_dec: 160
=========
xor_sum: 135
xtime_sum: 220
mat:
GF([[ 2,  5, 10,  9,  8],
    [ 8,  2,  5, 10,  9],
    [ 9,  8,  2,  5, 10],
    [10,  9,  8,  2,  5],
    [ 5, 10,  9,  8,  2]], order=2^8)
inv:
GF([[243, 196,  33, 126, 216],
    [216, 243, 196,  33, 126],
    [126, 216, 243, 196,  33],
    [ 33, 126, 216, 243, 196],
    [196,  33, 126, 216, 243]], order=2^8)
===================================
Comparing to photon_5x5
- beats xor_enc: 35 vs 44
