xor_enc: 45
xtime_enc: 45
=========
xor_dec: 85
xtime_dec: 150
=========
xor_sum: 130
xtime_sum: 195
mat:
GF([[ 1,  9,  3,  7, 10],
    [10,  1,  9,  3,  7],
    [ 7, 10,  1,  9,  3],
    [ 3,  7, 10,  1,  9],
    [ 9,  3,  7, 10,  1]], order=2^8)
inv:
GF([[182,  20, 216,  83,  82],
    [ 82, 182,  20, 216,  83],
    [ 83,  82, 182,  20, 216],
    [216,  83,  82, 182,  20],
    [ 20, 216,  83,  82, 182]], order=2^8)
===================================
Comparing to photon_5x5
- beats xtime_enc: 45 vs 52
