xor_enc: 30
xtime_enc: 55
=========
xor_dec: 125
xtime_dec: 175
=========
xor_sum: 155
xtime_sum: 230
mat:
GF([[ 1,  8,  8,  6, 10],
    [10,  1,  8,  8,  6],
    [ 6, 10,  1,  8,  8],
    [ 8,  6, 10,  1,  8],
    [ 8,  8,  6, 10,  1]], order=2^8)
inv:
GF([[166, 202, 215, 189, 231],
    [231, 166, 202, 215, 189],
    [189, 231, 166, 202, 215],
    [215, 189, 231, 166, 202],
    [202, 215, 189, 231, 166]], order=2^8)
===================================
Comparing to photon_5x5
- beats xor_enc: 30 vs 44
