xor_enc: 45
xtime_enc: 50
=========
xor_dec: 85
xtime_dec: 135
=========
xor_sum: 130
xtime_sum: 185
mat:
GF([[ 1,  8,  7, 10,  7],
    [ 7,  1,  8,  7, 10],
    [10,  7,  1,  8,  7],
    [ 7, 10,  7,  1,  8],
    [ 8,  7, 10,  7,  1]], order=2^8)
inv:
GF([[143,  10, 169,  12, 214],
    [214, 143,  10, 169,  12],
    [ 12, 214, 143,  10, 169],
    [169,  12, 214, 143,  10],
    [ 10, 169,  12, 214, 143]], order=2^8)
===================================
Comparing to photon_5x5
- beats xtime_enc: 50 vs 52
