xor_enc: 45
xtime_enc: 45
=========
xor_dec: 70
xtime_dec: 130
=========
xor_sum: 115
xtime_sum: 175
mat:
GF([[ 2,  6,  3, 10,  7],
    [ 7,  2,  6,  3, 10],
    [10,  7,  2,  6,  3],
    [ 3, 10,  7,  2,  6],
    [ 6,  3, 10,  7,  2]], order=2^8)
inv:
GF([[223,  68,   2,  50, 130],
    [130, 223,  68,   2,  50],
    [ 50, 130, 223,  68,   2],
    [  2,  50, 130, 223,  68],
    [ 68,   2,  50, 130, 223]], order=2^8)
===================================
Comparing to photon_5x5
- beats xtime_enc: 45 vs 52
