xor_enc: 35
xtime_enc: 60
=========
xor_dec: 70
xtime_dec: 105
=========
xor_sum: 105
xtime_sum: 165
mat:
GF([[ 2,  6,  9, 10,  8],
    [ 8,  2,  6,  9, 10],
    [10,  8,  2,  6,  9],
    [ 9, 10,  8,  2,  6],
    [ 6,  9, 10,  8,  2]], order=2^8)
inv:
GF([[ 28,   1, 174, 108,  24],
    [ 24,  28,   1, 174, 108],
    [108,  24,  28,   1, 174],
    [174, 108,  24,  28,   1],
    [  1, 174, 108,  24,  28]], order=2^8)
===================================
Comparing to photon_5x5
- beats xor_enc: 35 vs 44
