xor_enc: 30
xtime_enc: 60
=========
xor_dec: 80
xtime_dec: 140
=========
xor_sum: 110
xtime_sum: 200
mat:
GF([[ 2,  4, 10,  8, 10],
    [10,  2,  4, 10,  8],
    [ 8, 10,  2,  4, 10],
    [10,  8, 10,  2,  4],
    [ 4, 10,  8, 10,  2]], order=2^8)
inv:
GF([[ 84,  34, 227,  99,  19],
    [ 19,  84,  34, 227,  99],
    [ 99,  19,  84,  34, 227],
    [227,  99,  19,  84,  34],
    [ 34, 227,  99,  19,  84]], order=2^8)
===================================
Comparing to photon_5x5
- beats xor_enc: 30 vs 44
