xor_enc: 40
xtime_enc: 55
=========
xor_dec: 90
xtime_dec: 150
=========
xor_sum: 130
xtime_sum: 205
mat:
GF([[ 2, 10,  9,  5,  5],
    [ 5,  2, 10,  9,  5],
    [ 5,  5,  2, 10,  9],
    [ 9,  5,  5,  2, 10],
    [10,  9,  5,  5,  2]], order=2^8)
inv:
GF([[225, 213, 107,  78,  16],
    [ 16, 225, 213, 107,  78],
    [ 78,  16, 225, 213, 107],
    [107,  78,  16, 225, 213],
    [213, 107,  78,  16, 225]], order=2^8)
===================================
Comparing to photon_5x5
- beats xor_enc: 40 vs 44
