xor_enc: 50
xtime_enc: 40
=========
xor_dec: 105
xtime_dec: 160
=========
xor_sum: 155
xtime_sum: 200
mat:
GF([[ 1, 10,  7,  3,  7],
    [ 7,  1, 10,  7,  3],
    [ 3,  7,  1, 10,  7],
    [ 7,  3,  7,  1, 10],
    [10,  7,  3,  7,  1]], order=2^8)
inv:
GF([[ 40, 254, 204,  85, 167],
    [167,  40, 254, 204,  85],
    [ 85, 167,  40, 254, 204],
    [204,  85, 167,  40, 254],
    [254, 204,  85, 167,  40]], order=2^8)
===================================
Comparing to photon_5x5
- beats xtime_enc: 40 vs 52
