xor_enc: 35
xtime_enc: 60
=========
xor_dec: 120
xtime_dec: 165
=========
xor_sum: 155
xtime_sum: 225
mat:
GF([[ 2,  4, 10, 10,  9],
    [ 9,  2,  4, 10, 10],
    [10,  9,  2,  4, 10],
    [10, 10,  9,  2,  4],
    [ 4, 10, 10,  9,  2]], order=2^8)
inv:
GF([[241,  95, 169, 188, 124],
    [124, 241,  95, 169, 188],
    [188, 124, 241,  95, 169],
    [169, 188, 124, 241,  95],
    [ 95, 169, 188, 124, 241]], order=2^8)
===================================
Comparing to photon_5x5
- beats xor_enc: 35 vs 44
