xor_enc: 30
xtime_enc: 55
=========
xor_dec: 80
xtime_dec: 120
=========
xor_sum: 110
xtime_sum: 175
mat:
GF([[ 2,  8,  4,  5, 10],
    [10,  2,  8,  4,  5],
    [ 5, 10,  2,  8,  4],
    [ 4,  5, 10,  2,  8],
    [ 8,  4,  5, 10,  2]], order=2^8)
inv:
GF([[ 12, 166, 116,   3, 220],
    [220,  12, 166, 116,   3],
    [  3, 220,  12, 166, 116],
    [116,   3, 220,  12, 166],
    [166, 116,   3, 220,  12]], order=2^8)
===================================
Comparing to photon_5x5
- beats xor_enc: 30 vs 44
