xor_enc: 40
xtime_enc: 55
=========
xor_dec: 85
xtime_dec: 150
=========
xor_sum: 125
xtime_sum: 205
mat:
GF([[ 3,  3,  9,  8, 10],
    [10,  3,  3,  9,  8],
    [ 8, 10,  3,  3,  9],
    [ 9,  8, 10,  3,  3],
    [ 3,  9,  8, 10,  3]], order=2^8)
inv:
GF([[250,  84,   9, 193, 166],
    [166, 250,  84,   9, 193],
    [193, 166, 250,  84,   9],
    [  9, 193, 166, 250,  84],
    [ 84,   9, 193, 166, 250]], order=2^8)
===================================
Comparing to photon_5x5
- beats xor_enc: 40 vs 44
