xor_enc: 50
xtime_enc: 50
=========
xor_dec: 110
xtime_dec: 160
=========
xor_sum: 160
xtime_sum: 210
mat:
GF([[ 3,  3, 10,  7,  9],
    [ 9,  3,  3, 10,  7],
    [ 7,  9,  3,  3, 10],
    [10,  7,  9,  3,  3],
    [ 3, 10,  7,  9,  3]], order=2^8)
inv:
GF([[ 63, 216, 169, 206,  75],
    [ 75,  63, 216, 169, 206],
    [206,  75,  63, 216, 169],
    [169, 206,  75,  63, 216],
    [216, 169, 206,  75,  63]], order=2^8)
===================================
Comparing to photon_5x5
- beats xtime_enc: 50 vs 52
