xor_enc: 30
xtime_enc: 55
=========
xor_dec: 105
xtime_dec: 135
=========
xor_sum: 135
xtime_sum: 190
mat:
GF([[ 3,  2,  8, 10,  8],
    [ 8,  3,  2,  8, 10],
    [10,  8,  3,  2,  8],
    [ 8, 10,  8,  3,  2],
    [ 2,  8, 10,  8,  3]], order=2^8)
inv:
GF([[110, 220,  50,  15,  79],
    [ 79, 110, 220,  50,  15],
    [ 15,  79, 110, 220,  50],
    [ 50,  15,  79, 110, 220],
    [220,  50,  15,  79, 110]], order=2^8)
===================================
Comparing to photon_5x5
- beats xor_enc: 30 vs 44
