xor_enc: 35
xtime_enc: 55
=========
xor_dec: 105
xtime_dec: 155
=========
xor_sum: 140
xtime_sum: 210
mat:
GF([[ 2,  8,  7, 10,  4],
    [ 4,  2,  8,  7, 10],
    [10,  4,  2,  8,  7],
    [ 7, 10,  4,  2,  8],
    [ 8,  7, 10,  4,  2]], order=2^8)
inv:
GF([[ 74, 203, 219, 186,  22],
    [ 22,  74, 203, 219, 186],
    [186,  22,  74, 203, 219],
    [219, 186,  22,  74, 203],
    [203, 219, 186,  22,  74]], order=2^8)
===================================
Comparing to photon_5x5
- beats xor_enc: 35 vs 44
