xor_enc: 50
xtime_enc: 45
=========
xor_dec: 100
xtime_dec: 165
=========
xor_sum: 150
xtime_sum: 210
mat:
GF([[ 1,  5,  7,  7, 10],
    [10,  1,  5,  7,  7],
    [ 7, 10,  1,  5,  7],
    [ 7,  7, 10,  1,  5],
    [ 5,  7,  7, 10,  1]], order=2^8)
inv:
GF([[153,  79, 147,  69, 229],
    [229, 153,  79, 147,  69],
    [ 69, 229, 153,  79, 147],
    [147,  69, 229, 153,  79],
    [ 79, 147,  69, 229, 153]], order=2^8)
===================================
Comparing to photon_5x5
- beats xtime_enc: 45 vs 52
