xor_enc: 40
xtime_enc: 55
=========
xor_dec: 120
xtime_dec: 170
=========
xor_sum: 160
xtime_sum: 225
mat:
GF([[ 2, 10,  4, 10,  7],
    [ 7,  2, 10,  4, 10],
    [10,  7,  2, 10,  4],
    [ 4, 10,  7,  2, 10],
    [10,  4, 10,  7,  2]], order=2^8)
inv:
GF([[252, 218, 179,  67, 215],
    [215, 252, 218, 179,  67],
    [ 67, 215, 252, 218, 179],
    [179,  67, 215, 252, 218],
    [218, 179,  67, 215, 252]], order=2^8)
===================================
Comparing to photon_5x5
- beats xor_enc: 40 vs 44
