xor_enc: 30
xtime_enc: 55
=========
xor_dec: 110
xtime_dec: 150
=========
xor_sum: 140
xtime_sum: 205
mat:
GF([[ 1, 10,  9,  8,  4],
    [ 4,  1, 10,  9,  8],
    [ 8,  4,  1, 10,  9],
    [ 9,  8,  4,  1, 10],
    [10,  9,  8,  4,  1]], order=2^8)
inv:
GF([[220, 175,  54, 185,  25],
    [ 25, 220, 175,  54, 185],
    [185,  25, 220, 175,  54],
    [ 54, 185,  25, 220, 175],
    [175,  54, 185,  25, 220]], order=2^8)
===================================
Comparing to photon_5x5
- beats xor_enc: 30 vs 44
