xor_enc: 45
xtime_enc: 40
=========
xor_dec: 90
xtime_dec: 125
=========
xor_sum: 135
xtime_sum: 165
mat:
GF([[ 2,  7, 10,  1,  7],
    [ 7,  2,  7, 10,  1],
    [ 1,  7,  2,  7, 10],
    [10,  1,  7,  2,  7],
    [ 7, 10,  1,  7,  2]], order=2^8)
inv:
GF([[  1, 239,  70, 210,  53],
    [ 53,   1, 239,  70, 210],
    [210,  53,   1, 239,  70],
    [ 70, 210,  53,   1, 239],
    [239,  70, 210,  53,   1]], order=2^8)
===================================
Comparing to photon_5x5
- beats xtime_enc: 40 vs 52
