xor_enc: 50
xtime_enc: 45
=========
xor_dec: 85
xtime_dec: 150
=========
xor_sum: 135
xtime_sum: 195
mat:
GF([[ 2,  3, 10,  7,  7],
    [ 7,  2,  3, 10,  7],
    [ 7,  7,  2,  3, 10],
    [10,  7,  7,  2,  3],
    [ 3, 10,  7,  7,  2]], order=2^8)
inv:
GF([[ 49, 117, 157,  80,  73],
    [ 73,  49, 117, 157,  80],
    [ 80,  73,  49, 117, 157],
    [157,  80,  73,  49, 117],
    [117, 157,  80,  73,  49]], order=2^8)
===================================
Comparing to photon_5x5
- beats xtime_enc: 45 vs 52
