xor_enc: 35
xtime_enc: 55
=========
xor_dec: 110
xtime_dec: 165
=========
xor_sum: 145
xtime_sum: 220
mat:
GF([[ 1,  8,  7, 10,  8],
    [ 8,  1,  8,  7, 10],
    [10,  8,  1,  8,  7],
    [ 7, 10,  8,  1,  8],
    [ 8,  7, 10,  8,  1]], order=2^8)
inv:
GF([[225,  95,  99, 220, 177],
    [177, 225,  95,  99, 220],
    [220, 177, 225,  95,  99],
    [ 99, 220, 177, 225,  95],
    [ 95,  99, 220, 177, 225]], order=2^8)
===================================
Comparing to photon_5x5
- beats xor_enc: 35 vs 44
