xor_enc: 45
xtime_enc: 45
=========
xor_dec: 90
xtime_dec: 160
=========
xor_sum: 135
xtime_sum: 205
mat:
GF([[ 3,  3, 10,  4,  7],
    [ 7,  3,  3, 10,  4],
    [ 4,  7,  3,  3, 10],
    [10,  4,  7,  3,  3],
    [ 3, 10,  4,  7,  3]], order=2^8)
inv:
GF([[180,  65, 118, 169, 101],
    [101, 180,  65, 118, 169],
    [169, 101, 180,  65, 118],
    [118, 169, 101, 180,  65],
    [ 65, 118, 169, 101, 180]], order=2^8)
===================================
Comparing to photon_5x5
- beats xtime_enc: 45 vs 52
