xor_enc: 35
xtime_enc: 55
=========
xor_dec: 70
xtime_dec: 140
=========
xor_sum: 105
xtime_sum: 195
mat:
GF([[ 1,  8,  5,  9, 10],
    [10,  1,  8,  5,  9],
    [ 9, 10,  1,  8,  5],
    [ 5,  9, 10,  1,  8],
    [ 8,  5,  9, 10,  1]], order=2^8)
inv:
GF([[230, 194, 113,   2, 144],
    [144, 230, 194, 113,   2],
    [  2, 144, 230, 194, 113],
    [113,   2, 144, 230, 194],
    [194, 113,   2, 144, 230]], order=2^8)
===================================
Comparing to photon_5x5
- beats xor_enc: 35 vs 44
