xor_enc: 40
xtime_enc: 55
=========
xor_dec: 115
xtime_dec: 165
=========
xor_sum: 155
xtime_sum: 220
mat:
GF([[ 2,  7, 10,  5,  8],
    [ 8,  2,  7, 10,  5],
    [ 5,  8,  2,  7, 10],
    [10,  5,  8,  2,  7],
    [ 7, 10,  5,  8,  2]], order=2^8)
inv:
GF([[234, 126, 136, 125, 236],
    [236, 234, 126, 136, 125],
    [125, 236, 234, 126, 136],
    [136, 125, 236, 234, 126],
    [126, 136, 125, 236, 234]], order=2^8)
===================================
Comparing to photon_5x5
- beats xor_enc: 40 vs 44
