xor_enc: 30
xtime_enc: 55
=========
xor_dec: 80
xtime_dec: 145
=========
xor_sum: 110
xtime_sum: 200
mat:
GF([[ 1,  9,  8,  4, 10],
    [10,  1,  9,  8,  4],
    [ 4, 10,  1,  9,  8],
    [ 8,  4, 10,  1,  9],
    [ 9,  8,  4, 10,  1]], order=2^8)
inv:
GF([[133,  46, 165, 227,   8],
    [  8, 133,  46, 165, 227],
    [227,   8, 133,  46, 165],
    [165, 227,   8, 133,  46],
    [ 46, 165, 227,   8, 133]], order=2^8)
===================================
Comparing to photon_5x5
- beats xor_enc: 30 vs 44
