xor_enc: 45
xtime_enc: 35
=========
xor_dec: 80
xtime_dec: 115
=========
xor_sum: 125
xtime_sum: 150
mat:
GF([[ 1,  7, 10,  7,  1],
    [ 1,  1,  7, 10,  7],
    [ 7,  1,  1,  7, 10],
    [10,  7,  1,  1,  7],
    [ 7, 10,  7,  1,  1]], order=2^8)
inv:
GF([[  5,   5, 241,  41, 241],
    [241,   5,   5, 241,  41],
    [ 41, 241,   5,   5, 241],
    [241,  41, 241,   5,   5],
    [  5, 241,  41, 241,   5]], order=2^8)
===================================
Comparing to photon_5x5
- beats xtime_enc: 35 vs 52
