xor_enc: 35
xtime_enc: 55
=========
xor_dec: 100
xtime_dec: 160
=========
xor_sum: 135
xtime_sum: 215
mat:
GF([[ 1, 10,  8, 10,  5],
    [ 5,  1, 10,  8, 10],
    [10,  5,  1, 10,  8],
    [ 8, 10,  5,  1, 10],
    [10,  8, 10,  5,  1]], order=2^8)
inv:
GF([[239,  64,  60, 180, 151],
    [151, 239,  64,  60, 180],
    [180, 151, 239,  64,  60],
    [ 60, 180, 151, 239,  64],
    [ 64,  60, 180, 151, 239]], order=2^8)
===================================
Comparing to photon_5x5
- beats xor_enc: 35 vs 44
