xor_enc: 30
xtime_enc: 55
=========
xor_dec: 75
xtime_dec: 160
=========
xor_sum: 105
xtime_sum: 215
mat:
GF([[ 2,  6,  8, 10,  4],
    [ 4,  2,  6,  8, 10],
    [10,  4,  2,  6,  8],
    [ 8, 10,  4,  2,  6],
    [ 6,  8, 10,  4,  2]], order=2^8)
inv:
GF([[146,  56, 200, 143,  96],
    [ 96, 146,  56, 200, 143],
    [143,  96, 146,  56, 200],
    [200, 143,  96, 146,  56],
    [ 56, 200, 143,  96, 146]], order=2^8)
===================================
Comparing to photon_5x5
- beats xor_enc: 30 vs 44
