xor_enc: 45
xtime_enc: 50
=========
xor_dec: 105
xtime_dec: 150
=========
xor_sum: 150
xtime_sum: 200
mat:
GF([[ 1, 10,  5, 10,  7],
    [ 7,  1, 10,  5, 10],
    [10,  7,  1, 10,  5],
    [ 5, 10,  7,  1, 10],
    [10,  5, 10,  7,  1]], order=2^8)
inv:
GF([[123,  32, 100, 118, 191],
    [191, 123,  32, 100, 118],
    [118, 191, 123,  32, 100],
    [100, 118, 191, 123,  32],
    [ 32, 100, 118, 191, 123]], order=2^8)
===================================
Comparing to photon_5x5
- beats xtime_enc: 50 vs 52
