xor_enc: 35
xtime_enc: 55
=========
xor_dec: 65
xtime_dec: 145
=========
xor_sum: 100
xtime_sum: 200
mat:
GF([[ 2,  4,  7, 10,  8],
    [ 8,  2,  4,  7, 10],
    [10,  8,  2,  4,  7],
    [ 7, 10,  8,  2,  4],
    [ 4,  7, 10,  8,  2]], order=2^8)
inv:
GF([[ 64, 200, 177,   4, 203],
    [203,  64, 200, 177,   4],
    [  4, 203,  64, 200, 177],
    [177,   4, 203,  64, 200],
    [200, 177,   4, 203,  64]], order=2^8)
===================================
Comparing to photon_5x5
- beats xor_enc: 35 vs 44
