xor_enc: 45
xtime_enc: 35
=========
xor_dec: 120
xtime_dec: 150
=========
xor_sum: 165
xtime_sum: 185
mat:
GF([[ 1,  3,  3, 10,  7],
    [ 7,  1,  3,  3, 10],
    [10,  7,  1,  3,  3],
    [ 3, 10,  7,  1,  3],
    [ 3,  3, 10,  7,  1]], order=2^8)
inv:
GF([[ 59, 236, 108, 126, 117],
    [117,  59, 236, 108, 126],
    [126, 117,  59, 236, 108],
    [108, 126, 117,  59, 236],
    [236, 108, 126, 117,  59]], order=2^8)
===================================
Comparing to photon_5x5
- beats xtime_enc: 35 vs 52
