xor_enc: 35
xtime_enc: 65
=========
xor_dec: 85
xtime_dec: 165
=========
xor_sum: 120
xtime_sum: 230
mat:
GF([[ 2, 10,  8,  9, 10],
    [10,  2, 10,  8,  9],
    [ 9, 10,  2, 10,  8],
    [ 8,  9, 10,  2, 10],
    [10,  8,  9, 10,  2]], order=2^8)
inv:
GF([[195,  81,  82, 212, 226],
    [226, 195,  81,  82, 212],
    [212, 226, 195,  81,  82],
    [ 82, 212, 226, 195,  81],
    [ 81,  82, 212, 226, 195]], order=2^8)
===================================
Comparing to photon_5x5
- beats xor_enc: 35 vs 44
