xor_enc: 40
xtime_enc: 55
=========
xor_dec: 115
xtime_dec: 140
=========
xor_sum: 155
xtime_sum: 195
mat:
GF([[ 1, 10,  9,  9,  6],
    [ 6,  1, 10,  9,  9],
    [ 9,  6,  1, 10,  9],
    [ 9,  9,  6,  1, 10],
    [10,  9,  9,  6,  1]], order=2^8)
inv:
GF([[ 41, 187,  57, 125,  55],
    [ 55,  41, 187,  57, 125],
    [125,  55,  41, 187,  57],
    [ 57, 125,  55,  41, 187],
    [187,  57, 125,  55,  41]], order=2^8)
===================================
Comparing to photon_5x5
- beats xor_enc: 40 vs 44
