xor_enc: 30
xtime_enc: 65
=========
xor_dec: 80
xtime_dec: 150
=========
xor_sum: 110
xtime_sum: 215
mat:
GF([[ 2,  9, 10,  8,  8],
    [ 8,  2,  9, 10,  8],
    [ 8,  8,  2,  9, 10],
    [10,  8,  8,  2,  9],
    [ 9, 10,  8,  8,  2]], order=2^8)
inv:
GF([[ 16, 123, 115, 153, 128],
    [128,  16, 123, 115, 153],
    [153, 128,  16, 123, 115],
    [115, 153, 128,  16, 123],
    [123, 115, 153, 128,  16]], order=2^8)
===================================
Comparing to photon_5x5
- beats xor_enc: 30 vs 44
