xor_enc: 35
xtime_enc: 55
=========
xor_dec: 100
xtime_dec: 160
=========
xor_sum: 135
xtime_sum: 215
mat:
GF([[ 1, 10,  8,  9,  5],
    [ 5,  1, 10,  8,  9],
    [ 9,  5,  1, 10,  8],
    [ 8,  9,  5,  1, 10],
    [10,  8,  9,  5,  1]], order=2^8)
inv:
GF([[106, 162,  42, 186, 159],
    [159, 106, 162,  42, 186],
    [186, 159, 106, 162,  42],
    [ 42, 186, 159, 106, 162],
    [162,  42, 186, 159, 106]], order=2^8)
===================================
Comparing to photon_5x5
- beats xor_enc: 35 vs 44
