xor_enc: 45
xtime_enc: 50
=========
xor_dec: 80
xtime_dec: 145
=========
xor_sum: 125
xtime_sum: 195
mat:
GF([[ 2, 10,  7,  7,  4],
    [ 4,  2, 10,  7,  7],
    [ 7,  4,  2, 10,  7],
    [ 7,  7,  4,  2, 10],
    [10,  7,  7,  4,  2]], order=2^8)
inv:
GF([[135,  12, 161,  46, 180],
    [180, 135,  12, 161,  46],
    [ 46, 180, 135,  12, 161],
    [161,  46, 180, 135,  12],
    [ 12, 161,  46, 180, 135]], order=2^8)
===================================
Comparing to photon_5x5
- beats xtime_enc: 50 vs 52
