xor_enc: 30
xtime_enc: 55
=========
xor_dec: 110
xtime_dec: 165
=========
xor_sum: 140
xtime_sum: 220
mat:
GF([[ 2, 10,  9,  4,  4],
    [ 4,  2, 10,  9,  4],
    [ 4,  4,  2, 10,  9],
    [ 9,  4,  4,  2, 10],
    [10,  9,  4,  4,  2]], order=2^8)
inv:
GF([[ 51, 137, 147, 245, 221],
    [221,  51, 137, 147, 245],
    [245, 221,  51, 137, 147],
    [147, 245, 221,  51, 137],
    [137, 147, 245, 221,  51]], order=2^8)
===================================
Comparing to photon_5x5
- beats xor_enc: 30 vs 44
