xor_enc: 40
xtime_enc: 55
=========
xor_dec: 105
xtime_dec: 155
=========
xor_sum: 145
xtime_sum: 210
mat:
GF([[ 2,  7,  9,  4, 10],
    [10,  2,  7,  9,  4],
    [ 4, 10,  2,  7,  9],
    [ 9,  4, 10,  2,  7],
    [ 7,  9,  4, 10,  2]], order=2^8)
inv:
GF([[203, 101, 202, 244,  29],
    [ 29, 203, 101, 202, 244],
    [244,  29, 203, 101, 202],
    [202, 244,  29, 203, 101],
    [101, 202, 244,  29, 203]], order=2^8)
===================================
Comparing to photon_5x5
- beats xor_enc: 40 vs 44
