xor_enc: 30
xtime_enc: 55
=========
xor_dec: 75
xtime_dec: 135
=========
xor_sum: 105
xtime_sum: 190
mat:
GF([[ 2,  8, 10,  6,  4],
    [ 4,  2,  8, 10,  6],
    [ 6,  4,  2,  8, 10],
    [10,  6,  4,  2,  8],
    [ 8, 10,  6,  4,  2]], order=2^8)
inv:
GF([[ 70, 180,  25,  16, 118],
    [118,  70, 180,  25,  16],
    [ 16, 118,  70, 180,  25],
    [ 25,  16, 118,  70, 180],
    [180,  25,  16, 118,  70]], order=2^8)
===================================
Comparing to photon_5x5
- beats xor_enc: 30 vs 44
