xor_enc: 35
xtime_enc: 55
=========
xor_dec: 100
xtime_dec: 145
=========
xor_sum: 135
xtime_sum: 200
mat:
GF([[ 2,  9,  3,  8, 10],
    [10,  2,  9,  3,  8],
    [ 8, 10,  2,  9,  3],
    [ 3,  8, 10,  2,  9],
    [ 9,  3,  8, 10,  2]], order=2^8)
inv:
GF([[ 42,  24, 119, 143, 227],
    [227,  42,  24, 119, 143],
    [143, 227,  42,  24, 119],
    [119, 143, 227,  42,  24],
    [ 24, 119, 143, 227,  42]], order=2^8)
===================================
Comparing to photon_5x5
- beats xor_enc: 35 vs 44
