xor_enc: 45
xtime_enc: 40
=========
xor_dec: 90
xtime_dec: 145
=========
xor_sum: 135
xtime_sum: 185
mat:
GF([[ 3,  3,  7, 10,  2],
    [ 2,  3,  3,  7, 10],
    [10,  2,  3,  3,  7],
    [ 7, 10,  2,  3,  3],
    [ 3,  7, 10,  2,  3]], order=2^8)
inv:
GF([[117,  56,  49, 249,  66],
    [ 66, 117,  56,  49, 249],
    [249,  66, 117,  56,  49],
    [ 49, 249,  66, 117,  56],
    [ 56,  49, 249,  66, 117]], order=2^8)
===================================
Comparing to photon_5x5
- beats xtime_enc: 40 vs 52
