xor_enc: 35
xtime_enc: 55
=========
xor_dec: 90
xtime_dec: 155
=========
xor_sum: 125
xtime_sum: 210
mat:
GF([[ 2, 10,  3, 10,  8],
    [ 8,  2, 10,  3, 10],
    [10,  8,  2, 10,  3],
    [ 3, 10,  8,  2, 10],
    [10,  3, 10,  8,  2]], order=2^8)
inv:
GF([[ 99, 198,  92,  40, 158],
    [158,  99, 198,  92,  40],
    [ 40, 158,  99, 198,  92],
    [ 92,  40, 158,  99, 198],
    [198,  92,  40, 158,  99]], order=2^8)
===================================
Comparing to photon_5x5
- beats xor_enc: 35 vs 44
