xor_enc: 45
xtime_enc: 35
=========
xor_dec: 120
xtime_dec: 150
=========
xor_sum: 165
xtime_sum: 185
mat:
GF([[ 3,  3,  1,  7, 10],
    [10,  3,  3,  1,  7],
    [ 7, 10,  3,  3,  1],
    [ 1,  7, 10,  3,  3],
    [ 3,  1,  7, 10,  3]], order=2^8)
inv:
GF([[126, 108, 236,  59, 117],
    [117, 126, 108, 236,  59],
    [ 59, 117, 126, 108, 236],
    [236,  59, 117, 126, 108],
    [108, 236,  59, 117, 126]], order=2^8)
===================================
Comparing to photon_5x5
- beats xtime_enc: 35 vs 52
