xor_enc: 50
xtime_enc: 45
=========
xor_dec: 100
xtime_dec: 165
=========
xor_sum: 150
xtime_sum: 210
mat:
GF([[ 1,  7, 10,  5,  7],
    [ 7,  1,  7, 10,  5],
    [ 5,  7,  1,  7, 10],
    [10,  5,  7,  1,  7],
    [ 7, 10,  5,  7,  1]], order=2^8)
inv:
GF([[153, 147, 229,  79,  69],
    [ 69, 153, 147, 229,  79],
    [ 79,  69, 153, 147, 229],
    [229,  79,  69, 153, 147],
    [147, 229,  79,  69, 153]], order=2^8)
===================================
Comparing to photon_5x5
- beats xtime_enc: 45 vs 52
