xor_enc: 45
xtime_enc: 45
=========
xor_dec: 70
xtime_dec: 135
=========
xor_sum: 115
xtime_sum: 180
mat:
GF([[ 2,  7,  3,  6, 10],
    [10,  2,  7,  3,  6],
    [ 6, 10,  2,  7,  3],
    [ 3,  6, 10,  2,  7],
    [ 7,  3,  6, 10,  2]], order=2^8)
inv:
GF([[166,  48,   6, 104, 209],
    [209, 166,  48,   6, 104],
    [104, 209, 166,  48,   6],
    [  6, 104, 209, 166,  48],
    [ 48,   6, 104, 209, 166]], order=2^8)
===================================
Comparing to photon_5x5
- beats xtime_enc: 45 vs 52
