xor_enc: 35
xtime_enc: 60
=========
xor_dec: 90
xtime_dec: 155
=========
xor_sum: 125
xtime_sum: 215
mat:
GF([[ 2,  9,  5, 10,  8],
    [ 8,  2,  9,  5, 10],
    [10,  8,  2,  9,  5],
    [ 5, 10,  8,  2,  9],
    [ 9,  5, 10,  8,  2]], order=2^8)
inv:
GF([[ 54, 166, 143,  32, 143],
    [143,  54, 166, 143,  32],
    [ 32, 143,  54, 166, 143],
    [143,  32, 143,  54, 166],
    [166, 143,  32, 143,  54]], order=2^8)
===================================
Comparing to photon_5x5
- beats xor_enc: 35 vs 44
