xor_enc: 40
xtime_enc: 60
=========
xor_dec: 90
xtime_dec: 145
=========
xor_sum: 130
xtime_sum: 205
mat:
GF([[ 2,  9, 10,  8,  7],
    [ 7,  2,  9, 10,  8],
    [ 8,  7,  2,  9, 10],
    [10,  8,  7,  2,  9],
    [ 9, 10,  8,  7,  2]], order=2^8)
inv:
GF([[165, 184, 151, 105,   6],
    [  6, 165, 184, 151, 105],
    [105,   6, 165, 184, 151],
    [151, 105,   6, 165, 184],
    [184, 151, 105,   6, 165]], order=2^8)
===================================
Comparing to photon_5x5
- beats xor_enc: 40 vs 44
