xor_enc: 40
xtime_enc: 55
=========
xor_dec: 105
xtime_dec: 160
=========
xor_sum: 145
xtime_sum: 215
mat:
GF([[ 2, 10, 10,  3,  9],
    [ 9,  2, 10, 10,  3],
    [ 3,  9,  2, 10, 10],
    [10,  3,  9,  2, 10],
    [10, 10,  3,  9,  2]], order=2^8)
inv:
GF([[180,  59, 149, 137, 123],
    [123, 180,  59, 149, 137],
    [137, 123, 180,  59, 149],
    [149, 137, 123, 180,  59],
    [ 59, 149, 137, 123, 180]], order=2^8)
===================================
Comparing to photon_5x5
- beats xor_enc: 40 vs 44
