xor_enc: 30
xtime_enc: 55
=========
xor_dec: 110
xtime_dec: 155
=========
xor_sum: 140
xtime_sum: 210
mat:
GF([[ 1,  8,  9,  4, 10],
    [10,  1,  8,  9,  4],
    [ 4, 10,  1,  8,  9],
    [ 9,  4, 10,  1,  8],
    [ 8,  9,  4, 10,  1]], order=2^8)
inv:
GF([[ 45,  59, 221, 171, 133],
    [133,  45,  59, 221, 171],
    [171, 133,  45,  59, 221],
    [221, 171, 133,  45,  59],
    [ 59, 221, 171, 133,  45]], order=2^8)
===================================
Comparing to photon_5x5
- beats xor_enc: 30 vs 44
