xor_enc: 45
xtime_enc: 45
=========
xor_dec: 80
xtime_dec: 145
=========
xor_sum: 125
xtime_sum: 190
mat:
GF([[ 1,  5, 10,  6,  7],
    [ 7,  1,  5, 10,  6],
    [ 6,  7,  1,  5, 10],
    [10,  6,  7,  1,  5],
    [ 5, 10,  6,  7,  1]], order=2^8)
inv:
GF([[142,  66, 126,  17, 100],
    [100, 142,  66, 126,  17],
    [ 17, 100, 142,  66, 126],
    [126,  17, 100, 142,  66],
    [ 66, 126,  17, 100, 142]], order=2^8)
===================================
Comparing to photon_5x5
- beats xtime_enc: 45 vs 52
