xor_enc: 35
xtime_enc: 55
=========
xor_dec: 110
xtime_dec: 175
=========
xor_sum: 145
xtime_sum: 230
mat:
GF([[ 1,  5, 10,  9,  8],
    [ 8,  1,  5, 10,  9],
    [ 9,  8,  1,  5, 10],
    [10,  9,  8,  1,  5],
    [ 5, 10,  9,  8,  1]], order=2^8)
inv:
GF([[251, 133, 141, 209, 229],
    [229, 251, 133, 141, 209],
    [209, 229, 251, 133, 141],
    [141, 209, 229, 251, 133],
    [133, 141, 209, 229, 251]], order=2^8)
===================================
Comparing to photon_5x5
- beats xor_enc: 35 vs 44
