xor_enc: 35
xtime_enc: 60
=========
xor_dec: 120
xtime_dec: 165
=========
xor_sum: 155
xtime_sum: 225
mat:
GF([[ 2,  9, 10, 10,  4],
    [ 4,  2,  9, 10, 10],
    [10,  4,  2,  9, 10],
    [10, 10,  4,  2,  9],
    [ 9, 10, 10,  4,  2]], order=2^8)
inv:
GF([[241, 124, 188, 169,  95],
    [ 95, 241, 124, 188, 169],
    [169,  95, 241, 124, 188],
    [188, 169,  95, 241, 124],
    [124, 188, 169,  95, 241]], order=2^8)
===================================
Comparing to photon_5x5
- beats xor_enc: 35 vs 44
