xor_enc: 40
xtime_enc: 55
=========
xor_dec: 110
xtime_dec: 170
=========
xor_sum: 150
xtime_sum: 225
mat:
GF([[ 2,  7,  6, 10,  8],
    [ 8,  2,  7,  6, 10],
    [10,  8,  2,  7,  6],
    [ 6, 10,  8,  2,  7],
    [ 7,  6, 10,  8,  2]], order=2^8)
inv:
GF([[151, 149,  73, 241, 187],
    [187, 151, 149,  73, 241],
    [241, 187, 151, 149,  73],
    [ 73, 241, 187, 151, 149],
    [149,  73, 241, 187, 151]], order=2^8)
===================================
Comparing to photon_5x5
- beats xor_enc: 40 vs 44
