xor_enc: 40
xtime_enc: 55
=========
xor_dec: 110
xtime_dec: 170
=========
xor_sum: 150
xtime_sum: 225
mat:
GF([[ 2,  8, 10,  6,  7],
    [ 7,  2,  8, 10,  6],
    [ 6,  7,  2,  8, 10],
    [10,  6,  7,  2,  8],
    [ 8, 10,  6,  7,  2]], order=2^8)
inv:
GF([[151, 187, 241,  73, 149],
    [149, 151, 187, 241,  73],
    [ 73, 149, 151, 187, 241],
    [241,  73, 149, 151, 187],
    [187, 241,  73, 149, 151]], order=2^8)
===================================
Comparing to photon_5x5
- beats xor_enc: 40 vs 44
