xor_enc: 35
xtime_enc: 55
=========
xor_dec: 100
xtime_dec: 145
=========
xor_sum: 135
xtime_sum: 200
mat:
GF([[ 1,  9, 10,  6,  8],
    [ 8,  1,  9, 10,  6],
    [ 6,  8,  1,  9, 10],
    [10,  6,  8,  1,  9],
    [ 9, 10,  6,  8,  1]], order=2^8)
inv:
GF([[ 99, 137,  79,  62,  43],
    [ 43,  99, 137,  79,  62],
    [ 62,  43,  99, 137,  79],
    [ 79,  62,  43,  99, 137],
    [137,  79,  62,  43,  99]], order=2^8)
===================================
Comparing to photon_5x5
- beats xor_enc: 35 vs 44
