xor_enc: 40
xtime_enc: 55
=========
xor_dec: 90
xtime_dec: 150
=========
xor_sum: 130
xtime_sum: 205
mat:
GF([[ 2,  5,  5,  9, 10],
    [10,  2,  5,  5,  9],
    [ 9, 10,  2,  5,  5],
    [ 5,  9, 10,  2,  5],
    [ 5,  5,  9, 10,  2]], order=2^8)
inv:
GF([[225,  16,  78, 107, 213],
    [213, 225,  16,  78, 107],
    [107, 213, 225,  16,  78],
    [ 78, 107, 213, 225,  16],
    [ 16,  78, 107, 213, 225]], order=2^8)
===================================
Comparing to photon_5x5
- beats xor_enc: 40 vs 44
