xor_enc: 45
xtime_enc: 40
=========
xor_dec: 60
xtime_dec: 135
=========
xor_sum: 105
xtime_sum: 175
mat:
GF([[ 2, 10,  3,  7,  3],
    [ 3,  2, 10,  3,  7],
    [ 7,  3,  2, 10,  3],
    [ 3,  7,  3,  2, 10],
    [10,  3,  7,  3,  2]], order=2^8)
inv:
GF([[105, 104,  67, 128,   5],
    [  5, 105, 104,  67, 128],
    [128,   5, 105, 104,  67],
    [ 67, 128,   5, 105, 104],
    [104,  67, 128,   5, 105]], order=2^8)
===================================
Comparing to photon_5x5
- beats xtime_enc: 40 vs 52
