xor_enc: 35
xtime_enc: 55
=========
xor_dec: 100
xtime_dec: 145
=========
xor_sum: 135
xtime_sum: 200
mat:
GF([[ 1,  7,  8, 10,  8],
    [ 8,  1,  7,  8, 10],
    [10,  8,  1,  7,  8],
    [ 8, 10,  8,  1,  7],
    [ 7,  8, 10,  8,  1]], order=2^8)
inv:
GF([[ 58,  80,  93,  62, 185],
    [185,  58,  80,  93,  62],
    [ 62, 185,  58,  80,  93],
    [ 93,  62, 185,  58,  80],
    [ 80,  93,  62, 185,  58]], order=2^8)
===================================
Comparing to photon_5x5
- beats xor_enc: 35 vs 44
