xor_enc: 35
xtime_enc: 55
=========
xor_dec: 110
xtime_dec: 155
=========
xor_sum: 145
xtime_sum: 210
mat:
GF([[ 1, 10,  8,  7,  8],
    [ 8,  1, 10,  8,  7],
    [ 7,  8,  1, 10,  8],
    [ 8,  7,  8,  1, 10],
    [10,  8,  7,  8,  1]], order=2^8)
inv:
GF([[ 84, 205,  27, 233, 219],
    [219,  84, 205,  27, 233],
    [233, 219,  84, 205,  27],
    [ 27, 233, 219,  84, 205],
    [205,  27, 233, 219,  84]], order=2^8)
===================================
Comparing to photon_5x5
- beats xor_enc: 35 vs 44
