xor_enc: 45
xtime_enc: 50
=========
xor_dec: 120
xtime_dec: 160
=========
xor_sum: 165
xtime_sum: 210
mat:
GF([[ 2,  6,  5, 10,  7],
    [ 7,  2,  6,  5, 10],
    [10,  7,  2,  6,  5],
    [ 5, 10,  7,  2,  6],
    [ 6,  5, 10,  7,  2]], order=2^8)
inv:
GF([[150,  55, 251, 123, 145],
    [145, 150,  55, 251, 123],
    [123, 145, 150,  55, 251],
    [251, 123, 145, 150,  55],
    [ 55, 251, 123, 145, 150]], order=2^8)
===================================
Comparing to photon_5x5
- beats xtime_enc: 50 vs 52
