xor_enc: 40
xtime_enc: 55
=========
xor_dec: 110
xtime_dec: 170
=========
xor_sum: 150
xtime_sum: 225
mat:
GF([[ 2, 10,  7,  8,  6],
    [ 6,  2, 10,  7,  8],
    [ 8,  6,  2, 10,  7],
    [ 7,  8,  6,  2, 10],
    [10,  7,  8,  6,  2]], order=2^8)
inv:
GF([[151, 241, 149, 187,  73],
    [ 73, 151, 241, 149, 187],
    [187,  73, 151, 241, 149],
    [149, 187,  73, 151, 241],
    [241, 149, 187,  73, 151]], order=2^8)
===================================
Comparing to photon_5x5
- beats xor_enc: 40 vs 44
