xor_enc: 40
xtime_enc: 55
=========
xor_dec: 115
xtime_dec: 175
=========
xor_sum: 155
xtime_sum: 230
mat:
GF([[ 1,  8, 10,  9,  7],
    [ 7,  1,  8, 10,  9],
    [ 9,  7,  1,  8, 10],
    [10,  9,  7,  1,  8],
    [ 8, 10,  9,  7,  1]], order=2^8)
inv:
GF([[174, 195, 233, 151, 242],
    [242, 174, 195, 233, 151],
    [151, 242, 174, 195, 233],
    [233, 151, 242, 174, 195],
    [195, 233, 151, 242, 174]], order=2^8)
===================================
Comparing to photon_5x5
- beats xor_enc: 40 vs 44
