xor_enc: 45
xtime_enc: 45
=========
xor_dec: 110
xtime_dec: 130
=========
xor_sum: 155
xtime_sum: 175
mat:
GF([[ 1,  3, 10, 10,  7],
    [ 7,  1,  3, 10, 10],
    [10,  7,  1,  3, 10],
    [10, 10,  7,  1,  3],
    [ 3, 10, 10,  7,  1]], order=2^8)
inv:
GF([[ 95, 119, 182, 205,   1],
    [  1,  95, 119, 182, 205],
    [205,   1,  95, 119, 182],
    [182, 205,   1,  95, 119],
    [119, 182, 205,   1,  95]], order=2^8)
===================================
Comparing to photon_5x5
- beats xtime_enc: 45 vs 52
