xor_enc: 45
xtime_enc: 35
=========
xor_dec: 130
xtime_dec: 160
=========
xor_sum: 175
xtime_sum: 195
mat:
GF([[ 1,  3, 10,  3,  7],
    [ 7,  1,  3, 10,  3],
    [ 3,  7,  1,  3, 10],
    [10,  3,  7,  1,  3],
    [ 3, 10,  3,  7,  1]], order=2^8)
inv:
GF([[189, 230,  47, 107, 175],
    [175, 189, 230,  47, 107],
    [107, 175, 189, 230,  47],
    [ 47, 107, 175, 189, 230],
    [230,  47, 107, 175, 189]], order=2^8)
===================================
Comparing to photon_5x5
- beats xtime_enc: 35 vs 52
