xor_enc: 45
xtime_enc: 45
=========
xor_dec: 70
xtime_dec: 160
=========
xor_sum: 115
xtime_sum: 205
mat:
GF([[ 1,  7,  7, 10,  4],
    [ 4,  1,  7,  7, 10],
    [10,  4,  1,  7,  7],
    [ 7, 10,  4,  1,  7],
    [ 7,  7, 10,  4,  1]], order=2^8)
inv:
GF([[168, 129, 174,  34,  98],
    [ 98, 168, 129, 174,  34],
    [ 34,  98, 168, 129, 174],
    [174,  34,  98, 168, 129],
    [129, 174,  34,  98, 168]], order=2^8)
===================================
Comparing to photon_5x5
- beats xtime_enc: 45 vs 52
