xor_enc: 45
xtime_enc: 40
=========
xor_dec: 110
xtime_dec: 155
=========
xor_sum: 155
xtime_sum: 195
mat:
GF([[ 1,  7,  3, 10,  6],
    [ 6,  1,  7,  3, 10],
    [10,  6,  1,  7,  3],
    [ 3, 10,  6,  1,  7],
    [ 7,  3, 10,  6,  1]], order=2^8)
inv:
GF([[245,  79,  45, 155,  67],
    [ 67, 245,  79,  45, 155],
    [155,  67, 245,  79,  45],
    [ 45, 155,  67, 245,  79],
    [ 79,  45, 155,  67, 245]], order=2^8)
===================================
Comparing to photon_5x5
- beats xtime_enc: 40 vs 52
