xor_enc: 30
xtime_enc: 55
=========
xor_dec: 90
xtime_dec: 155
=========
xor_sum: 120
xtime_sum: 210
mat:
GF([[ 1,  5,  8,  8, 10],
    [10,  1,  5,  8,  8],
    [ 8, 10,  1,  5,  8],
    [ 8,  8, 10,  1,  5],
    [ 5,  8,  8, 10,  1]], order=2^8)
inv:
GF([[ 97, 101, 105,  69, 205],
    [205,  97, 101, 105,  69],
    [ 69, 205,  97, 101, 105],
    [105,  69, 205,  97, 101],
    [101, 105,  69, 205,  97]], order=2^8)
===================================
Comparing to photon_5x5
- beats xor_enc: 30 vs 44
