xor_enc: 45
xtime_enc: 35
=========
xor_dec: 80
xtime_dec: 115
=========
xor_sum: 125
xtime_sum: 150
mat:
GF([[ 1, 10,  1,  7,  7],
    [ 7,  1, 10,  1,  7],
    [ 7,  7,  1, 10,  1],
    [ 1,  7,  7,  1, 10],
    [10,  1,  7,  7,  1]], order=2^8)
inv:
GF([[  5, 241, 241,   5,  41],
    [ 41,   5, 241, 241,   5],
    [  5,  41,   5, 241, 241],
    [241,   5,  41,   5, 241],
    [241, 241,   5,  41,   5]], order=2^8)
===================================
Comparing to photon_5x5
- beats xtime_enc: 35 vs 52
