xor_enc: 45
xtime_enc: 35
=========
xor_dec: 130
xtime_dec: 160
=========
xor_sum: 175
xtime_sum: 195
mat:
GF([[ 1,  3,  3,  7, 10],
    [10,  1,  3,  3,  7],
    [ 7, 10,  1,  3,  3],
    [ 3,  7, 10,  1,  3],
    [ 3,  3,  7, 10,  1]], order=2^8)
inv:
GF([[189, 107, 230, 175,  47],
    [ 47, 189, 107, 230, 175],
    [175,  47, 189, 107, 230],
    [230, 175,  47, 189, 107],
    [107, 230, 175,  47, 189]], order=2^8)
===================================
Comparing to photon_5x5
- beats xtime_enc: 35 vs 52
