xor_enc: 30
xtime_enc: 55
=========
xor_dec: 100
xtime_dec: 145
=========
xor_sum: 130
xtime_sum: 200
mat:
GF([[ 2,  9, 10,  4,  4],
    [ 4,  2,  9, 10,  4],
    [ 4,  4,  2,  9, 10],
    [10,  4,  4,  2,  9],
    [ 9, 10,  4,  4,  2]], order=2^8)
inv:
GF([[217,  23,  69,  59, 177],
    [177, 217,  23,  69,  59],
    [ 59, 177, 217,  23,  69],
    [ 69,  59, 177, 217,  23],
    [ 23,  69,  59, 177, 217]], order=2^8)
===================================
Comparing to photon_5x5
- beats xor_enc: 30 vs 44
