xor_enc: 45
xtime_enc: 45
=========
xor_dec: 95
xtime_dec: 135
=========
xor_sum: 140
xtime_sum: 180
mat:
GF([[ 1, 10,  3,  9,  7],
    [ 7,  1, 10,  3,  9],
    [ 9,  7,  1, 10,  3],
    [ 3,  9,  7,  1, 10],
    [10,  3,  9,  7,  1]], order=2^8)
inv:
GF([[ 55, 245,  33,  14, 150],
    [150,  55, 245,  33,  14],
    [ 14, 150,  55, 245,  33],
    [ 33,  14, 150,  55, 245],
    [245,  33,  14, 150,  55]], order=2^8)
===================================
Comparing to photon_5x5
- beats xtime_enc: 45 vs 52
