xor_enc: 45
xtime_enc: 45
=========
xor_dec: 90
xtime_dec: 145
=========
xor_sum: 135
xtime_sum: 190
mat:
GF([[ 1,  7, 10,  3, 10],
    [10,  1,  7, 10,  3],
    [ 3, 10,  1,  7, 10],
    [10,  3, 10,  1,  7],
    [ 7, 10,  3, 10,  1]], order=2^8)
inv:
GF([[ 30,  49,  68, 253, 196],
    [196,  30,  49,  68, 253],
    [253, 196,  30,  49,  68],
    [ 68, 253, 196,  30,  49],
    [ 49,  68, 253, 196,  30]], order=2^8)
===================================
Comparing to photon_5x5
- beats xtime_enc: 45 vs 52
