xor_enc: 50
xtime_enc: 50
=========
xor_dec: 110
xtime_dec: 140
=========
xor_sum: 160
xtime_sum: 190
mat:
GF([[ 1, 10,  7,  7, 10],
    [10,  1, 10,  7,  7],
    [ 7, 10,  1, 10,  7],
    [ 7,  7, 10,  1, 10],
    [10,  7,  7, 10,  1]], order=2^8)
inv:
GF([[  1, 245, 217, 217, 245],
    [245,   1, 245, 217, 217],
    [217, 245,   1, 245, 217],
    [217, 217, 245,   1, 245],
    [245, 217, 217, 245,   1]], order=2^8)
===================================
Comparing to photon_5x5
- beats xtime_enc: 50 vs 52
