xor_enc: 50
xtime_enc: 50
=========
xor_dec: 95
xtime_dec: 145
=========
xor_sum: 145
xtime_sum: 195
mat:
GF([[ 2,  5, 10,  7,  7],
    [ 7,  2,  5, 10,  7],
    [ 7,  7,  2,  5, 10],
    [10,  7,  7,  2,  5],
    [ 5, 10,  7,  7,  2]], order=2^8)
inv:
GF([[ 88,  33, 247,  58,  85],
    [ 85,  88,  33, 247,  58],
    [ 58,  85,  88,  33, 247],
    [247,  58,  85,  88,  33],
    [ 33, 247,  58,  85,  88]], order=2^8)
===================================
Comparing to photon_5x5
- beats xtime_enc: 50 vs 52
