xor_enc: 40
xtime_enc: 55
=========
xor_dec: 50
xtime_dec: 110
=========
xor_sum: 90
xtime_sum: 165
mat:
GF([[ 1, 10,  9,  9,  5],
    [ 5,  1, 10,  9,  9],
    [ 9,  5,  1, 10,  9],
    [ 9,  9,  5,  1, 10],
    [10,  9,  9,  5,  1]], order=2^8)
inv:
GF([[ 72,   4,  11,  18, 176],
    [176,  72,   4,  11,  18],
    [ 18, 176,  72,   4,  11],
    [ 11,  18, 176,  72,   4],
    [  4,  11,  18, 176,  72]], order=2^8)
===================================
Comparing to photon_5x5
- beats xor_enc: 40 vs 44
