xor_enc: 35
xtime_enc: 55
=========
xor_dec: 70
xtime_dec: 135
=========
xor_sum: 105
xtime_sum: 190
mat:
GF([[ 1, 10, 10,  9,  4],
    [ 4,  1, 10, 10,  9],
    [ 9,  4,  1, 10, 10],
    [10,  9,  4,  1, 10],
    [10, 10,  9,  4,  1]], order=2^8)
inv:
GF([[144,  17,  28, 117,  88],
    [ 88, 144,  17,  28, 117],
    [117,  88, 144,  17,  28],
    [ 28, 117,  88, 144,  17],
    [ 17,  28, 117,  88, 144]], order=2^8)
===================================
Comparing to photon_5x5
- beats xor_enc: 35 vs 44
