xor_enc: 40
xtime_enc: 55
=========
xor_dec: 105
xtime_dec: 165
=========
xor_sum: 145
xtime_sum: 220
mat:
GF([[ 2,  9,  3,  9, 10],
    [10,  2,  9,  3,  9],
    [ 9, 10,  2,  9,  3],
    [ 3,  9, 10,  2,  9],
    [ 9,  3,  9, 10,  2]], order=2^8)
inv:
GF([[100, 126, 148, 229, 171],
    [171, 100, 126, 148, 229],
    [229, 171, 100, 126, 148],
    [148, 229, 171, 100, 126],
    [126, 148, 229, 171, 100]], order=2^8)
===================================
Comparing to photon_5x5
- beats xor_enc: 40 vs 44
