xor_enc: 35
xtime_enc: 60
=========
xor_dec: 110
xtime_dec: 150
=========
xor_sum: 145
xtime_sum: 210
mat:
GF([[ 2, 10,  8,  9,  6],
    [ 6,  2, 10,  8,  9],
    [ 9,  6,  2, 10,  8],
    [ 8,  9,  6,  2, 10],
    [10,  8,  9,  6,  2]], order=2^8)
inv:
GF([[127, 147,  51, 124, 100],
    [100, 127, 147,  51, 124],
    [124, 100, 127, 147,  51],
    [ 51, 124, 100, 127, 147],
    [147,  51, 124, 100, 127]], order=2^8)
===================================
Comparing to photon_5x5
- beats xor_enc: 35 vs 44
