xor_enc: 40
xtime_enc: 55
=========
xor_dec: 120
xtime_dec: 160
=========
xor_sum: 160
xtime_sum: 215
mat:
GF([[ 1, 10,  6, 10,  9],
    [ 9,  1, 10,  6, 10],
    [10,  9,  1, 10,  6],
    [ 6, 10,  9,  1, 10],
    [10,  6, 10,  9,  1]], order=2^8)
inv:
GF([[ 33, 190, 114, 245, 253],
    [253,  33, 190, 114, 245],
    [245, 253,  33, 190, 114],
    [114, 245, 253,  33, 190],
    [190, 114, 245, 253,  33]], order=2^8)
===================================
Comparing to photon_5x5
- beats xor_enc: 40 vs 44
