xor_enc: 40
xtime_enc: 60
=========
xor_dec: 100
xtime_dec: 135
=========
xor_sum: 140
xtime_sum: 195
mat:
GF([[ 2,  9,  5, 10, 10],
    [10,  2,  9,  5, 10],
    [10, 10,  2,  9,  5],
    [ 5, 10, 10,  2,  9],
    [ 9,  5, 10, 10,  2]], order=2^8)
inv:
GF([[119,   8,  46, 221, 105],
    [105, 119,   8,  46, 221],
    [221, 105, 119,   8,  46],
    [ 46, 221, 105, 119,   8],
    [  8,  46, 221, 105, 119]], order=2^8)
===================================
Comparing to photon_5x5
- beats xor_enc: 40 vs 44
