xor_enc: 45
xtime_enc: 50
=========
xor_dec: 90
xtime_dec: 150
=========
xor_sum: 135
xtime_sum: 200
mat:
GF([[ 2, 10,  5,  7,  6],
    [ 6,  2, 10,  5,  7],
    [ 7,  6,  2, 10,  5],
    [ 5,  7,  6,  2, 10],
    [10,  5,  7,  6,  2]], order=2^8)
inv:
GF([[114, 254,  82,  66,  44],
    [ 44, 114, 254,  82,  66],
    [ 66,  44, 114, 254,  82],
    [ 82,  66,  44, 114, 254],
    [254,  82,  66,  44, 114]], order=2^8)
===================================
Comparing to photon_5x5
- beats xtime_enc: 50 vs 52
