xor_enc: 35
xtime_enc: 55
=========
xor_dec: 70
xtime_dec: 165
=========
xor_sum: 105
xtime_sum: 220
mat:
GF([[ 1,  6, 10,  9,  8],
    [ 8,  1,  6, 10,  9],
    [ 9,  8,  1,  6, 10],
    [10,  9,  8,  1,  6],
    [ 6, 10,  9,  8,  1]], order=2^8)
inv:
GF([[192, 205, 169,  68,  80],
    [ 80, 192, 205, 169,  68],
    [ 68,  80, 192, 205, 169],
    [169,  68,  80, 192, 205],
    [205, 169,  68,  80, 192]], order=2^8)
===================================
Comparing to photon_5x5
- beats xor_enc: 35 vs 44
