xor_enc: 35
xtime_enc: 55
=========
xor_dec: 95
xtime_dec: 130
=========
xor_sum: 130
xtime_sum: 185
mat:
GF([[ 2,  6,  8,  5, 10],
    [10,  2,  6,  8,  5],
    [ 5, 10,  2,  6,  8],
    [ 8,  5, 10,  2,  6],
    [ 6,  8,  5, 10,  2]], order=2^8)
inv:
GF([[ 49,  85, 233,   5, 126],
    [126,  49,  85, 233,   5],
    [  5, 126,  49,  85, 233],
    [233,   5, 126,  49,  85],
    [ 85, 233,   5, 126,  49]], order=2^8)
===================================
Comparing to photon_5x5
- beats xor_enc: 35 vs 44
