xor_enc: 35
xtime_enc: 55
=========
xor_dec: 110
xtime_dec: 175
=========
xor_sum: 145
xtime_sum: 230
mat:
GF([[ 1,  9,  5,  8, 10],
    [10,  1,  9,  5,  8],
    [ 8, 10,  1,  9,  5],
    [ 5,  8, 10,  1,  9],
    [ 9,  5,  8, 10,  1]], order=2^8)
inv:
GF([[251, 209, 133, 229, 141],
    [141, 251, 209, 133, 229],
    [229, 141, 251, 209, 133],
    [133, 229, 141, 251, 209],
    [209, 133, 229, 141, 251]], order=2^8)
===================================
Comparing to photon_5x5
- beats xor_enc: 35 vs 44
