xor_enc: 35
xtime_enc: 60
=========
xor_dec: 110
xtime_dec: 150
=========
xor_sum: 145
xtime_sum: 210
mat:
GF([[ 2,  9, 10,  6,  8],
    [ 8,  2,  9, 10,  6],
    [ 6,  8,  2,  9, 10],
    [10,  6,  8,  2,  9],
    [ 9, 10,  6,  8,  2]], order=2^8)
inv:
GF([[127, 124, 147, 100,  51],
    [ 51, 127, 124, 147, 100],
    [100,  51, 127, 124, 147],
    [147, 100,  51, 127, 124],
    [124, 147, 100,  51, 127]], order=2^8)
===================================
Comparing to photon_5x5
- beats xor_enc: 35 vs 44
