xor_enc: 35
xtime_enc: 55
=========
xor_dec: 100
xtime_dec: 145
=========
xor_sum: 135
xtime_sum: 200
mat:
GF([[ 1,  8, 10,  8,  7],
    [ 7,  1,  8, 10,  8],
    [ 8,  7,  1,  8, 10],
    [10,  8,  7,  1,  8],
    [ 8, 10,  8,  7,  1]], order=2^8)
inv:
GF([[ 58, 185,  62,  93,  80],
    [ 80,  58, 185,  62,  93],
    [ 93,  80,  58, 185,  62],
    [ 62,  93,  80,  58, 185],
    [185,  62,  93,  80,  58]], order=2^8)
===================================
Comparing to photon_5x5
- beats xor_enc: 35 vs 44
