xor_enc: 45
xtime_enc: 45
=========
xor_dec: 110
xtime_dec: 130
=========
xor_sum: 155
xtime_sum: 175
mat:
GF([[ 3,  1,  7, 10, 10],
    [10,  3,  1,  7, 10],
    [10, 10,  3,  1,  7],
    [ 7, 10, 10,  3,  1],
    [ 1,  7, 10, 10,  3]], order=2^8)
inv:
GF([[  1, 205, 182, 119,  95],
    [ 95,   1, 205, 182, 119],
    [119,  95,   1, 205, 182],
    [182, 119,  95,   1, 205],
    [205, 182, 119,  95,   1]], order=2^8)
===================================
Comparing to photon_5x5
- beats xtime_enc: 45 vs 52
