xor_enc: 35
xtime_enc: 65
=========
xor_dec: 85
xtime_dec: 165
=========
xor_sum: 120
xtime_sum: 230
mat:
GF([[ 2,  9, 10, 10,  8],
    [ 8,  2,  9, 10, 10],
    [10,  8,  2,  9, 10],
    [10, 10,  8,  2,  9],
    [ 9, 10, 10,  8,  2]], order=2^8)
inv:
GF([[195, 212,  81, 226,  82],
    [ 82, 195, 212,  81, 226],
    [226,  82, 195, 212,  81],
    [ 81, 226,  82, 195, 212],
    [212,  81, 226,  82, 195]], order=2^8)
===================================
Comparing to photon_5x5
- beats xor_enc: 35 vs 44
