xor_enc: 45
xtime_enc: 45
=========
xor_dec: 100
xtime_dec: 165
=========
xor_sum: 145
xtime_sum: 210
mat:
GF([[ 1,  7,  6,  6, 10],
    [10,  1,  7,  6,  6],
    [ 6, 10,  1,  7,  6],
    [ 6,  6, 10,  1,  7],
    [ 7,  6,  6, 10,  1]], order=2^8)
inv:
GF([[ 72, 177, 222, 245,  98],
    [ 98,  72, 177, 222, 245],
    [245,  98,  72, 177, 222],
    [222, 245,  98,  72, 177],
    [177, 222, 245,  98,  72]], order=2^8)
===================================
Comparing to photon_5x5
- beats xtime_enc: 45 vs 52
