xor_enc: 35
xtime_enc: 60
=========
xor_dec: 110
xtime_dec: 150
=========
xor_sum: 145
xtime_sum: 210
mat:
GF([[ 2, 10,  8,  9,  5],
    [ 5,  2, 10,  8,  9],
    [ 9,  5,  2, 10,  8],
    [ 8,  9,  5,  2, 10],
    [10,  8,  9,  5,  2]], order=2^8)
inv:
GF([[231, 167,  46, 197,  27],
    [ 27, 231, 167,  46, 197],
    [197,  27, 231, 167,  46],
    [ 46, 197,  27, 231, 167],
    [167,  46, 197,  27, 231]], order=2^8)
===================================
Comparing to photon_5x5
- beats xor_enc: 35 vs 44
