xor_enc: 45
xtime_enc: 45
=========
xor_dec: 80
xtime_dec: 160
=========
xor_sum: 125
xtime_sum: 205
mat:
GF([[ 1, 10,  7,  6,  6],
    [ 6,  1, 10,  7,  6],
    [ 6,  6,  1, 10,  7],
    [ 7,  6,  6,  1, 10],
    [10,  7,  6,  6,  1]], order=2^8)
inv:
GF([[157,  92, 128,  53, 196],
    [196, 157,  92, 128,  53],
    [ 53, 196, 157,  92, 128],
    [128,  53, 196, 157,  92],
    [ 92, 128,  53, 196, 157]], order=2^8)
===================================
Comparing to photon_5x5
- beats xtime_enc: 45 vs 52
