xor_enc: 30
xtime_enc: 60
=========
xor_dec: 80
xtime_dec: 140
=========
xor_sum: 110
xtime_sum: 200
mat:
GF([[ 2, 10, 10,  4,  8],
    [ 8,  2, 10, 10,  4],
    [ 4,  8,  2, 10, 10],
    [10,  4,  8,  2, 10],
    [10, 10,  4,  8,  2]], order=2^8)
inv:
GF([[ 84, 227,  19,  34,  99],
    [ 99,  84, 227,  19,  34],
    [ 34,  99,  84, 227,  19],
    [ 19,  34,  99,  84, 227],
    [227,  19,  34,  99,  84]], order=2^8)
===================================
Comparing to photon_5x5
- beats xor_enc: 30 vs 44
