xor_enc: 30
xtime_enc: 55
=========
xor_dec: 85
xtime_dec: 155
=========
xor_sum: 115
xtime_sum: 210
mat:
GF([[ 2,  2,  8, 10,  9],
    [ 9,  2,  2,  8, 10],
    [10,  9,  2,  2,  8],
    [ 8, 10,  9,  2,  2],
    [ 2,  8, 10,  9,  2]], order=2^8)
inv:
GF([[199, 196, 102,  17, 180],
    [180, 199, 196, 102,  17],
    [ 17, 180, 199, 196, 102],
    [102,  17, 180, 199, 196],
    [196, 102,  17, 180, 199]], order=2^8)
===================================
Comparing to photon_5x5
- beats xor_enc: 30 vs 44
