xor_enc: 30
xtime_enc: 55
=========
xor_dec: 105
xtime_dec: 155
=========
xor_sum: 135
xtime_sum: 210
mat:
GF([[ 2,  8,  8, 10,  3],
    [ 3,  2,  8,  8, 10],
    [10,  3,  2,  8,  8],
    [ 8, 10,  3,  2,  8],
    [ 8,  8, 10,  3,  2]], order=2^8)
inv:
GF([[193,  72,  31, 191, 233],
    [233, 193,  72,  31, 191],
    [191, 233, 193,  72,  31],
    [ 31, 191, 233, 193,  72],
    [ 72,  31, 191, 233, 193]], order=2^8)
===================================
Comparing to photon_5x5
- beats xor_enc: 30 vs 44
