xor_enc: 30
xtime_enc: 55
=========
xor_dec: 115
xtime_dec: 175
=========
xor_sum: 145
xtime_sum: 230
mat:
GF([[ 1,  6,  8,  8, 10],
    [10,  1,  6,  8,  8],
    [ 8, 10,  1,  6,  8],
    [ 8,  8, 10,  1,  6],
    [ 6,  8,  8, 10,  1]], order=2^8)
inv:
GF([[249, 211, 245, 168, 150],
    [150, 249, 211, 245, 168],
    [168, 150, 249, 211, 245],
    [245, 168, 150, 249, 211],
    [211, 245, 168, 150, 249]], order=2^8)
===================================
Comparing to photon_5x5
- beats xor_enc: 30 vs 44
