xor_enc: 35
xtime_enc: 60
=========
xor_dec: 70
xtime_dec: 125
=========
xor_sum: 105
xtime_sum: 185
mat:
GF([[ 2,  4,  9,  9, 10],
    [10,  2,  4,  9,  9],
    [ 9, 10,  2,  4,  9],
    [ 9,  9, 10,  2,  4],
    [ 4,  9,  9, 10,  2]], order=2^8)
inv:
GF([[ 97,   6,  98, 167,  18],
    [ 18,  97,   6,  98, 167],
    [167,  18,  97,   6,  98],
    [ 98, 167,  18,  97,   6],
    [  6,  98, 167,  18,  97]], order=2^8)
===================================
Comparing to photon_5x5
- beats xor_enc: 35 vs 44
