xor_enc: 30
xtime_enc: 55
=========
xor_dec: 115
xtime_dec: 165
=========
xor_sum: 145
xtime_sum: 220
mat:
GF([[ 1, 10, 10,  4,  8],
    [ 8,  1, 10, 10,  4],
    [ 4,  8,  1, 10, 10],
    [10,  4,  8,  1, 10],
    [10, 10,  4,  8,  1]], order=2^8)
inv:
GF([[249, 121, 122, 184, 163],
    [163, 249, 121, 122, 184],
    [184, 163, 249, 121, 122],
    [122, 184, 163, 249, 121],
    [121, 122, 184, 163, 249]], order=2^8)
===================================
Comparing to photon_5x5
- beats xor_enc: 30 vs 44
