xor_enc: 45
xtime_enc: 45
=========
xor_dec: 100
xtime_dec: 165
=========
xor_sum: 145
xtime_sum: 210
mat:
GF([[ 1, 10,  7,  7,  4],
    [ 4,  1, 10,  7,  7],
    [ 7,  4,  1, 10,  7],
    [ 7,  7,  4,  1, 10],
    [10,  7,  7,  4,  1]], order=2^8)
inv:
GF([[ 86, 149,  97, 242, 151],
    [151,  86, 149,  97, 242],
    [242, 151,  86, 149,  97],
    [ 97, 242, 151,  86, 149],
    [149,  97, 242, 151,  86]], order=2^8)
===================================
Comparing to photon_5x5
- beats xtime_enc: 45 vs 52
