xor_enc: 40
xtime_enc: 60
=========
xor_dec: 90
xtime_dec: 150
=========
xor_sum: 130
xtime_sum: 210
mat:
GF([[ 2, 10,  9,  9,  6],
    [ 6,  2, 10,  9,  9],
    [ 9,  6,  2, 10,  9],
    [ 9,  9,  6,  2, 10],
    [10,  9,  9,  6,  2]], order=2^8)
inv:
GF([[203,  31, 150, 131,  36],
    [ 36, 203,  31, 150, 131],
    [131,  36, 203,  31, 150],
    [150, 131,  36, 203,  31],
    [ 31, 150, 131,  36, 203]], order=2^8)
===================================
Comparing to photon_5x5
- beats xor_enc: 40 vs 44
