xor_enc: 45
xtime_enc: 40
=========
xor_dec: 70
xtime_dec: 150
=========
xor_sum: 115
xtime_sum: 190
mat:
GF([[ 1,  7,  3,  5, 10],
    [10,  1,  7,  3,  5],
    [ 5, 10,  1,  7,  3],
    [ 3,  5, 10,  1,  7],
    [ 7,  3,  5, 10,  1]], order=2^8)
inv:
GF([[144, 162,  76,  28,  75],
    [ 75, 144, 162,  76,  28],
    [ 28,  75, 144, 162,  76],
    [ 76,  28,  75, 144, 162],
    [162,  76,  28,  75, 144]], order=2^8)
===================================
Comparing to photon_5x5
- beats xtime_enc: 40 vs 52
