xor_enc: 45
xtime_enc: 50
=========
xor_dec: 105
xtime_dec: 170
=========
xor_sum: 150
xtime_sum: 220
mat:
GF([[ 3,  2, 10, 10,  7],
    [ 7,  3,  2, 10, 10],
    [10,  7,  3,  2, 10],
    [10, 10,  7,  3,  2],
    [ 2, 10, 10,  7,  3]], order=2^8)
inv:
GF([[203, 117, 206, 152, 147],
    [147, 203, 117, 206, 152],
    [152, 147, 203, 117, 206],
    [206, 152, 147, 203, 117],
    [117, 206, 152, 147, 203]], order=2^8)
===================================
Comparing to photon_5x5
- beats xtime_enc: 50 vs 52
