xor_enc: 35
xtime_enc: 55
=========
xor_dec: 100
xtime_dec: 140
=========
xor_sum: 135
xtime_sum: 195
mat:
GF([[ 2,  8,  9,  3, 10],
    [10,  2,  8,  9,  3],
    [ 3, 10,  2,  8,  9],
    [ 9,  3, 10,  2,  8],
    [ 8,  9,  3, 10,  2]], order=2^8)
inv:
GF([[170, 206,   1, 182, 250],
    [250, 170, 206,   1, 182],
    [182, 250, 170, 206,   1],
    [  1, 182, 250, 170, 206],
    [206,   1, 182, 250, 170]], order=2^8)
===================================
Comparing to photon_5x5
- beats xor_enc: 35 vs 44
