xor_enc: 40
xtime_enc: 55
=========
xor_dec: 75
xtime_dec: 130
=========
xor_sum: 115
xtime_sum: 185
mat:
GF([[ 1,  7,  8, 10,  9],
    [ 9,  1,  7,  8, 10],
    [10,  9,  1,  7,  8],
    [ 8, 10,  9,  1,  7],
    [ 7,  8, 10,  9,  1]], order=2^8)
inv:
GF([[ 38,  61,  22,  36, 200],
    [200,  38,  61,  22,  36],
    [ 36, 200,  38,  61,  22],
    [ 22,  36, 200,  38,  61],
    [ 61,  22,  36, 200,  38]], order=2^8)
===================================
Comparing to photon_5x5
- beats xor_enc: 40 vs 44
