xor_enc: 45
xtime_enc: 50
=========
xor_dec: 110
xtime_dec: 140
=========
xor_sum: 155
xtime_sum: 190
mat:
GF([[ 2,  5,  5, 10,  7],
    [ 7,  2,  5,  5, 10],
    [10,  7,  2,  5,  5],
    [ 5, 10,  7,  2,  5],
    [ 5,  5, 10,  7,  2]], order=2^8)
inv:
GF([[ 23, 183, 183, 217,   9],
    [  9,  23, 183, 183, 217],
    [217,   9,  23, 183, 183],
    [183, 217,   9,  23, 183],
    [183, 183, 217,   9,  23]], order=2^8)
===================================
Comparing to photon_5x5
- beats xtime_enc: 50 vs 52
