xor_enc: 40
xtime_enc: 55
=========
xor_dec: 90
xtime_dec: 175
=========
xor_sum: 130
xtime_sum: 230
mat:
GF([[ 1, 10, 10,  6,  9],
    [ 9,  1, 10, 10,  6],
    [ 6,  9,  1, 10, 10],
    [10,  6,  9,  1, 10],
    [10, 10,  6,  9,  1]], order=2^8)
inv:
GF([[229, 193, 236, 173, 128],
    [128, 229, 193, 236, 173],
    [173, 128, 229, 193, 236],
    [236, 173, 128, 229, 193],
    [193, 236, 173, 128, 229]], order=2^8)
===================================
Comparing to photon_5x5
- beats xor_enc: 40 vs 44
