xor_enc: 40
xtime_enc: 55
=========
xor_dec: 105
xtime_dec: 160
=========
xor_sum: 145
xtime_sum: 215
mat:
GF([[ 3,  2, 10,  9, 10],
    [10,  3,  2, 10,  9],
    [ 9, 10,  3,  2, 10],
    [10,  9, 10,  3,  2],
    [ 2, 10,  9, 10,  3]], order=2^8)
inv:
GF([[149, 123,  59, 137, 180],
    [180, 149, 123,  59, 137],
    [137, 180, 149, 123,  59],
    [ 59, 137, 180, 149, 123],
    [123,  59, 137, 180, 149]], order=2^8)
===================================
Comparing to photon_5x5
- beats xor_enc: 40 vs 44
