xor_enc: 45
xtime_enc: 45
=========
xor_dec: 70
xtime_dec: 160
=========
xor_sum: 115
xtime_sum: 205
mat:
GF([[ 1, 10,  7,  4,  7],
    [ 7,  1, 10,  7,  4],
    [ 4,  7,  1, 10,  7],
    [ 7,  4,  7,  1, 10],
    [10,  7,  4,  7,  1]], order=2^8)
inv:
GF([[168,  34, 129,  98, 174],
    [174, 168,  34, 129,  98],
    [ 98, 174, 168,  34, 129],
    [129,  98, 174, 168,  34],
    [ 34, 129,  98, 174, 168]], order=2^8)
===================================
Comparing to photon_5x5
- beats xtime_enc: 45 vs 52
