xor_enc: 45
xtime_enc: 50
=========
xor_dec: 80
xtime_dec: 165
=========
xor_sum: 125
xtime_sum: 215
mat:
GF([[ 3,  3,  8, 10,  7],
    [ 7,  3,  3,  8, 10],
    [10,  7,  3,  3,  8],
    [ 8, 10,  7,  3,  3],
    [ 3,  8, 10,  7,  3]], order=2^8)
inv:
GF([[242, 132, 132,  46, 142],
    [142, 242, 132, 132,  46],
    [ 46, 142, 242, 132, 132],
    [132,  46, 142, 242, 132],
    [132, 132,  46, 142, 242]], order=2^8)
===================================
Comparing to photon_5x5
- beats xtime_enc: 50 vs 52
