xor_enc: 45
xtime_enc: 45
=========
xor_dec: 95
xtime_dec: 135
=========
xor_sum: 140
xtime_sum: 180
mat:
GF([[ 1,  7,  9,  3, 10],
    [10,  1,  7,  9,  3],
    [ 3, 10,  1,  7,  9],
    [ 9,  3, 10,  1,  7],
    [ 7,  9,  3, 10,  1]], order=2^8)
inv:
GF([[ 55, 150,  14,  33, 245],
    [245,  55, 150,  14,  33],
    [ 33, 245,  55, 150,  14],
    [ 14,  33, 245,  55, 150],
    [150,  14,  33, 245,  55]], order=2^8)
===================================
Comparing to photon_5x5
- beats xtime_enc: 45 vs 52
