xor_enc: 40
xtime_enc: 55
=========
xor_dec: 115
xtime_dec: 140
=========
xor_sum: 155
xtime_sum: 195
mat:
GF([[ 1,  6,  9,  9, 10],
    [10,  1,  6,  9,  9],
    [ 9, 10,  1,  6,  9],
    [ 9,  9, 10,  1,  6],
    [ 6,  9,  9, 10,  1]], order=2^8)
inv:
GF([[ 41,  55, 125,  57, 187],
    [187,  41,  55, 125,  57],
    [ 57, 187,  41,  55, 125],
    [125,  57, 187,  41,  55],
    [ 55, 125,  57, 187,  41]], order=2^8)
===================================
Comparing to photon_5x5
- beats xor_enc: 40 vs 44
