xor_enc: 35
xtime_enc: 55
=========
xor_dec: 90
xtime_dec: 150
=========
xor_sum: 125
xtime_sum: 205
mat:
GF([[ 1,  5,  8,  9, 10],
    [10,  1,  5,  8,  9],
    [ 9, 10,  1,  5,  8],
    [ 8,  9, 10,  1,  5],
    [ 5,  8,  9, 10,  1]], order=2^8)
inv:
GF([[ 98, 123,  41, 114, 133],
    [133,  98, 123,  41, 114],
    [114, 133,  98, 123,  41],
    [ 41, 114, 133,  98, 123],
    [123,  41, 114, 133,  98]], order=2^8)
===================================
Comparing to photon_5x5
- beats xor_enc: 35 vs 44
