xor_enc: 45
xtime_enc: 45
=========
xor_dec: 100
xtime_dec: 165
=========
xor_sum: 145
xtime_sum: 210
mat:
GF([[ 1,  6,  7, 10,  6],
    [ 6,  1,  6,  7, 10],
    [10,  6,  1,  6,  7],
    [ 7, 10,  6,  1,  6],
    [ 6,  7, 10,  6,  1]], order=2^8)
inv:
GF([[ 72, 245, 177,  98, 222],
    [222,  72, 245, 177,  98],
    [ 98, 222,  72, 245, 177],
    [177,  98, 222,  72, 245],
    [245, 177,  98, 222,  72]], order=2^8)
===================================
Comparing to photon_5x5
- beats xtime_enc: 45 vs 52
