xor_enc: 45
xtime_enc: 45
=========
xor_dec: 110
xtime_dec: 130
=========
xor_sum: 155
xtime_sum: 175
mat:
GF([[ 1, 10,  3,  7, 10],
    [10,  1, 10,  3,  7],
    [ 7, 10,  1, 10,  3],
    [ 3,  7, 10,  1, 10],
    [10,  3,  7, 10,  1]], order=2^8)
inv:
GF([[ 95, 205, 119,   1, 182],
    [182,  95, 205, 119,   1],
    [  1, 182,  95, 205, 119],
    [119,   1, 182,  95, 205],
    [205, 119,   1, 182,  95]], order=2^8)
===================================
Comparing to photon_5x5
- beats xtime_enc: 45 vs 52
