xor_enc: 45
xtime_enc: 50
=========
xor_dec: 75
xtime_dec: 90
=========
xor_sum: 120
xtime_sum: 140
mat:
GF([[ 3,  3,  5,  9, 10],
    [10,  3,  3,  5,  9],
    [ 9, 10,  3,  3,  5],
    [ 5,  9, 10,  3,  3],
    [ 3,  5,  9, 10,  3]], order=2^8)
inv:
GF([[ 31,   3,  22, 120,   9],
    [  9,  31,   3,  22, 120],
    [120,   9,  31,   3,  22],
    [ 22, 120,   9,  31,   3],
    [  3,  22, 120,   9,  31]], order=2^8)
===================================
Comparing to photon_5x5
- beats xtime_enc: 50 vs 52
