xor_enc: 45
xtime_enc: 45
=========
xor_dec: 95
xtime_dec: 135
=========
xor_sum: 140
xtime_sum: 180
mat:
GF([[ 1,  9, 10,  7,  3],
    [ 3,  1,  9, 10,  7],
    [ 7,  3,  1,  9, 10],
    [10,  7,  3,  1,  9],
    [ 9, 10,  7,  3,  1]], order=2^8)
inv:
GF([[ 55,  14, 245, 150,  33],
    [ 33,  55,  14, 245, 150],
    [150,  33,  55,  14, 245],
    [245, 150,  33,  55,  14],
    [ 14, 245, 150,  33,  55]], order=2^8)
===================================
Comparing to photon_5x5
- beats xtime_enc: 45 vs 52
