xor_enc: 40
xtime_enc: 55
=========
xor_dec: 75
xtime_dec: 125
=========
xor_sum: 115
xtime_sum: 180
mat:
GF([[ 2,  9, 10,  4,  7],
    [ 7,  2,  9, 10,  4],
    [ 4,  7,  2,  9, 10],
    [10,  4,  7,  2,  9],
    [ 9, 10,  4,  7,  2]], order=2^8)
inv:
GF([[  5,  82,  34,  53, 205],
    [205,   5,  82,  34,  53],
    [ 53, 205,   5,  82,  34],
    [ 34,  53, 205,   5,  82],
    [ 82,  34,  53, 205,   5]], order=2^8)
===================================
Comparing to photon_5x5
- beats xor_enc: 40 vs 44
