xor_enc: 40
xtime_enc: 55
=========
xor_dec: 90
xtime_dec: 165
=========
xor_sum: 130
xtime_sum: 220
mat:
GF([[ 1, 10, 10,  8,  7],
    [ 7,  1, 10, 10,  8],
    [ 8,  7,  1, 10, 10],
    [10,  8,  7,  1, 10],
    [10, 10,  8,  7,  1]], order=2^8)
inv:
GF([[122, 209,  80, 210, 204],
    [204, 122, 209,  80, 210],
    [210, 204, 122, 209,  80],
    [ 80, 210, 204, 122, 209],
    [209,  80, 210, 204, 122]], order=2^8)
===================================
Comparing to photon_5x5
- beats xor_enc: 40 vs 44
