xor_enc: 25
xtime_enc: 55
=========
xor_dec: 120
xtime_dec: 155
=========
xor_sum: 145
xtime_sum: 210
mat:
GF([[ 2,  2,  8, 10,  8],
    [ 8,  2,  2,  8, 10],
    [10,  8,  2,  2,  8],
    [ 8, 10,  8,  2,  2],
    [ 2,  8, 10,  8,  2]], order=2^8)
inv:
GF([[177, 127,  41, 127, 177],
    [177, 177, 127,  41, 127],
    [127, 177, 177, 127,  41],
    [ 41, 127, 177, 177, 127],
    [127,  41, 127, 177, 177]], order=2^8)
===================================
Comparing to photon_5x5
- beats xor_enc: 25 vs 44
