xor_enc: 30
xtime_enc: 60
=========
xor_dec: 110
xtime_dec: 155
=========
xor_sum: 140
xtime_sum: 215
mat:
GF([[ 2, 10,  8,  8,  6],
    [ 6,  2, 10,  8,  8],
    [ 8,  6,  2, 10,  8],
    [ 8,  8,  6,  2, 10],
    [10,  8,  8,  6,  2]], order=2^8)
inv:
GF([[ 79, 242, 241,  29, 180],
    [180,  79, 242, 241,  29],
    [ 29, 180,  79, 242, 241],
    [241,  29, 180,  79, 242],
    [242, 241,  29, 180,  79]], order=2^8)
===================================
Comparing to photon_5x5
- beats xor_enc: 30 vs 44
