xor_enc: 45
xtime_enc: 50
=========
xor_dec: 110
xtime_dec: 165
=========
xor_sum: 155
xtime_sum: 215
mat:
GF([[ 3,  4,  5,  7, 10],
    [10,  3,  4,  5,  7],
    [ 7, 10,  3,  4,  5],
    [ 5,  7, 10,  3,  4],
    [ 4,  5,  7, 10,  3]], order=2^8)
inv:
GF([[111, 152, 211, 153, 122],
    [122, 111, 152, 211, 153],
    [153, 122, 111, 152, 211],
    [211, 153, 122, 111, 152],
    [152, 211, 153, 122, 111]], order=2^8)
===================================
Comparing to photon_5x5
- beats xtime_enc: 50 vs 52
