xor_enc: 40
xtime_enc: 55
=========
xor_dec: 85
xtime_dec: 115
=========
xor_sum: 125
xtime_sum: 170
mat:
GF([[ 2,  9, 10,  5,  6],
    [ 6,  2,  9, 10,  5],
    [ 5,  6,  2,  9, 10],
    [10,  5,  6,  2,  9],
    [ 9, 10,  5,  6,  2]], order=2^8)
inv:
GF([[ 12,   7,  43, 227,  78],
    [ 78,  12,   7,  43, 227],
    [227,  78,  12,   7,  43],
    [ 43, 227,  78,  12,   7],
    [  7,  43, 227,  78,  12]], order=2^8)
===================================
Comparing to photon_5x5
- beats xor_enc: 40 vs 44
