xor_enc: 30
xtime_enc: 65
=========
xor_dec: 90
xtime_dec: 135
=========
xor_sum: 120
xtime_sum: 200
mat:
GF([[ 2,  8, 10,  9,  8],
    [ 8,  2,  8, 10,  9],
    [ 9,  8,  2,  8, 10],
    [10,  9,  8,  2,  8],
    [ 8, 10,  9,  8,  2]], order=2^8)
inv:
GF([[ 52,  60, 206,  10, 205],
    [205,  52,  60, 206,  10],
    [ 10, 205,  52,  60, 206],
    [206,  10, 205,  52,  60],
    [ 60, 206,  10, 205,  52]], order=2^8)
===================================
Comparing to photon_5x5
- beats xor_enc: 30 vs 44
