xor_enc: 45
xtime_enc: 50
=========
xor_dec: 90
xtime_dec: 140
=========
xor_sum: 135
xtime_sum: 190
mat:
GF([[ 2,  9, 10,  3,  7],
    [ 7,  2,  9, 10,  3],
    [ 3,  7,  2,  9, 10],
    [10,  3,  7,  2,  9],
    [ 9, 10,  3,  7,  2]], order=2^8)
inv:
GF([[210,  19,  73, 205,  23],
    [ 23, 210,  19,  73, 205],
    [205,  23, 210,  19,  73],
    [ 73, 205,  23, 210,  19],
    [ 19,  73, 205,  23, 210]], order=2^8)
===================================
Comparing to photon_5x5
- beats xtime_enc: 50 vs 52
