xor_enc: 45
xtime_enc: 50
=========
xor_dec: 80
xtime_dec: 140
=========
xor_sum: 125
xtime_sum: 190
mat:
GF([[ 2, 10,  9,  7,  3],
    [ 3,  2, 10,  9,  7],
    [ 7,  3,  2, 10,  9],
    [ 9,  7,  3,  2, 10],
    [10,  9,  7,  3,  2]], order=2^8)
inv:
GF([[ 33, 187, 131,  71,  12],
    [ 12,  33, 187, 131,  71],
    [ 71,  12,  33, 187, 131],
    [131,  71,  12,  33, 187],
    [187, 131,  71,  12,  33]], order=2^8)
===================================
Comparing to photon_5x5
- beats xtime_enc: 50 vs 52
