xor_enc: 50
xtime_enc: 50
=========
xor_dec: 105
xtime_dec: 160
=========
xor_sum: 155
xtime_sum: 210
mat:
GF([[ 2, 10,  7,  7,  5],
    [ 5,  2, 10,  7,  7],
    [ 7,  5,  2, 10,  7],
    [ 7,  7,  5,  2, 10],
    [10,  7,  7,  5,  2]], order=2^8)
inv:
GF([[216,  99,  53, 213, 186],
    [186, 216,  99,  53, 213],
    [213, 186, 216,  99,  53],
    [ 53, 213, 186, 216,  99],
    [ 99,  53, 213, 186, 216]], order=2^8)
===================================
Comparing to photon_5x5
- beats xtime_enc: 50 vs 52
