xor_enc: 40
xtime_enc: 55
=========
xor_dec: 85
xtime_dec: 155
=========
xor_sum: 125
xtime_sum: 210
mat:
GF([[ 2, 10,  5,  8,  7],
    [ 7,  2, 10,  5,  8],
    [ 8,  7,  2, 10,  5],
    [ 5,  8,  7,  2, 10],
    [10,  5,  8,  7,  2]], order=2^8)
inv:
GF([[ 28, 180, 216, 176,  77],
    [ 77,  28, 180, 216, 176],
    [176,  77,  28, 180, 216],
    [216, 176,  77,  28, 180],
    [180, 216, 176,  77,  28]], order=2^8)
===================================
Comparing to photon_5x5
- beats xor_enc: 40 vs 44
