xor_enc: 45
xtime_enc: 40
=========
xor_dec: 90
xtime_dec: 125
=========
xor_sum: 135
xtime_sum: 165
mat:
GF([[ 2,  7,  1, 10,  7],
    [ 7,  2,  7,  1, 10],
    [10,  7,  2,  7,  1],
    [ 1, 10,  7,  2,  7],
    [ 7,  1, 10,  7,  2]], order=2^8)
inv:
GF([[  1,  53, 210,  70, 239],
    [239,   1,  53, 210,  70],
    [ 70, 239,   1,  53, 210],
    [210,  70, 239,   1,  53],
    [ 53, 210,  70, 239,   1]], order=2^8)
===================================
Comparing to photon_5x5
- beats xtime_enc: 40 vs 52
