xor_enc: 30
xtime_enc: 55
=========
xor_dec: 80
xtime_dec: 150
=========
xor_sum: 110
xtime_sum: 205
mat:
GF([[ 1, 10,  8,  4,  9],
    [ 9,  1, 10,  8,  4],
    [ 4,  9,  1, 10,  8],
    [ 8,  4,  9,  1, 10],
    [10,  8,  4,  9,  1]], order=2^8)
inv:
GF([[177,   8,  77, 179, 162],
    [162, 177,   8,  77, 179],
    [179, 162, 177,   8,  77],
    [ 77, 179, 162, 177,   8],
    [  8,  77, 179, 162, 177]], order=2^8)
===================================
Comparing to photon_5x5
- beats xor_enc: 30 vs 44
