xor_enc: 35
xtime_enc: 55
=========
xor_dec: 85
xtime_dec: 160
=========
xor_sum: 120
xtime_sum: 215
mat:
GF([[ 2, 10,  8,  5,  6],
    [ 6,  2, 10,  8,  5],
    [ 5,  6,  2, 10,  8],
    [ 8,  5,  6,  2, 10],
    [10,  8,  5,  6,  2]], order=2^8)
inv:
GF([[ 77,  57, 154, 145, 137],
    [137,  77,  57, 154, 145],
    [145, 137,  77,  57, 154],
    [154, 145, 137,  77,  57],
    [ 57, 154, 145, 137,  77]], order=2^8)
===================================
Comparing to photon_5x5
- beats xor_enc: 35 vs 44
