xor_enc: 45
xtime_enc: 50
=========
xor_dec: 95
xtime_dec: 150
=========
xor_sum: 140
xtime_sum: 200
mat:
GF([[ 2, 10, 10,  3,  7],
    [ 7,  2, 10, 10,  3],
    [ 3,  7,  2, 10, 10],
    [10,  3,  7,  2, 10],
    [10, 10,  3,  7,  2]], order=2^8)
inv:
GF([[147, 202, 110,  17,  93],
    [ 93, 147, 202, 110,  17],
    [ 17,  93, 147, 202, 110],
    [110,  17,  93, 147, 202],
    [202, 110,  17,  93, 147]], order=2^8)
===================================
Comparing to photon_5x5
- beats xtime_enc: 50 vs 52
