xor_enc: 45
xtime_enc: 50
=========
xor_dec: 55
xtime_dec: 105
=========
xor_sum: 100
xtime_sum: 155
mat:
GF([[ 1, 10,  6,  7,  9],
    [ 9,  1, 10,  6,  7],
    [ 7,  9,  1, 10,  6],
    [ 6,  7,  9,  1, 10],
    [10,  6,  7,  9,  1]], order=2^8)
inv:
GF([[  8,  36, 232,  49,   3],
    [  3,   8,  36, 232,  49],
    [ 49,   3,   8,  36, 232],
    [232,  49,   3,   8,  36],
    [ 36, 232,  49,   3,   8]], order=2^8)
===================================
Comparing to photon_5x5
- beats xtime_enc: 50 vs 52
