xor_enc: 35
xtime_enc: 60
=========
xor_dec: 85
xtime_dec: 135
=========
xor_sum: 120
xtime_sum: 195
mat:
GF([[ 1, 10,  9,  8,  9],
    [ 9,  1, 10,  9,  8],
    [ 8,  9,  1, 10,  9],
    [ 9,  8,  9,  1, 10],
    [10,  9,  8,  9,  1]], order=2^8)
inv:
GF([[  8, 107,  46, 106, 209],
    [209,   8, 107,  46, 106],
    [106, 209,   8, 107,  46],
    [ 46, 106, 209,   8, 107],
    [107,  46, 106, 209,   8]], order=2^8)
===================================
Comparing to photon_5x5
- beats xor_enc: 35 vs 44
