xor_enc: 35
xtime_enc: 60
=========
xor_dec: 110
xtime_dec: 150
=========
xor_sum: 145
xtime_sum: 210
mat:
GF([[ 2,  8,  6, 10,  9],
    [ 9,  2,  8,  6, 10],
    [10,  9,  2,  8,  6],
    [ 6, 10,  9,  2,  8],
    [ 8,  6, 10,  9,  2]], order=2^8)
inv:
GF([[127,  51, 100, 147, 124],
    [124, 127,  51, 100, 147],
    [147, 124, 127,  51, 100],
    [100, 147, 124, 127,  51],
    [ 51, 100, 147, 124, 127]], order=2^8)
===================================
Comparing to photon_5x5
- beats xor_enc: 35 vs 44
