xor_enc: 50
xtime_enc: 50
=========
xor_dec: 95
xtime_dec: 145
=========
xor_sum: 145
xtime_sum: 195
mat:
GF([[ 2,  7,  5,  7, 10],
    [10,  2,  7,  5,  7],
    [ 7, 10,  2,  7,  5],
    [ 5,  7, 10,  2,  7],
    [ 7,  5,  7, 10,  2]], order=2^8)
inv:
GF([[ 88,  58,  33,  85, 247],
    [247,  88,  58,  33,  85],
    [ 85, 247,  88,  58,  33],
    [ 33,  85, 247,  88,  58],
    [ 58,  33,  85, 247,  88]], order=2^8)
===================================
Comparing to photon_5x5
- beats xtime_enc: 50 vs 52
