xor_enc: 40
xtime_enc: 55
=========
xor_dec: 115
xtime_dec: 165
=========
xor_sum: 155
xtime_sum: 220
mat:
GF([[ 1,  9,  8, 10,  7],
    [ 7,  1,  9,  8, 10],
    [10,  7,  1,  9,  8],
    [ 8, 10,  7,  1,  9],
    [ 9,  8, 10,  7,  1]], order=2^8)
inv:
GF([[111, 147, 238, 102, 149],
    [149, 111, 147, 238, 102],
    [102, 149, 111, 147, 238],
    [238, 102, 149, 111, 147],
    [147, 238, 102, 149, 111]], order=2^8)
===================================
Comparing to photon_5x5
- beats xor_enc: 40 vs 44
