xor_enc: 35
xtime_enc: 55
=========
xor_dec: 80
xtime_dec: 150
=========
xor_sum: 115
xtime_sum: 205
mat:
GF([[ 1,  9, 10, 10,  4],
    [ 4,  1,  9, 10, 10],
    [10,  4,  1,  9, 10],
    [10, 10,  4,  1,  9],
    [ 9, 10, 10,  4,  1]], order=2^8)
inv:
GF([[137, 249,  68,  13, 137],
    [137, 137, 249,  68,  13],
    [ 13, 137, 137, 249,  68],
    [ 68,  13, 137, 137, 249],
    [249,  68,  13, 137, 137]], order=2^8)
===================================
Comparing to photon_5x5
- beats xor_enc: 35 vs 44
