xor_enc: 25
xtime_enc: 55
=========
xor_dec: 100
xtime_dec: 160
=========
xor_sum: 125
xtime_sum: 215
mat:
GF([[ 1,  8, 10,  8,  4],
    [ 4,  1,  8, 10,  8],
    [ 8,  4,  1,  8, 10],
    [10,  8,  4,  1,  8],
    [ 8, 10,  8,  4,  1]], order=2^8)
inv:
GF([[ 41, 143, 189, 142,  82],
    [ 82,  41, 143, 189, 142],
    [142,  82,  41, 143, 189],
    [189, 142,  82,  41, 143],
    [143, 189, 142,  82,  41]], order=2^8)
===================================
Comparing to photon_5x5
- beats xor_enc: 25 vs 44
