xor_enc: 35
xtime_enc: 55
=========
xor_dec: 100
xtime_dec: 140
=========
xor_sum: 135
xtime_sum: 195
mat:
GF([[ 3,  2,  9, 10,  8],
    [ 8,  3,  2,  9, 10],
    [10,  8,  3,  2,  9],
    [ 9, 10,  8,  3,  2],
    [ 2,  9, 10,  8,  3]], order=2^8)
inv:
GF([[  1, 250, 206, 182, 170],
    [170,   1, 250, 206, 182],
    [182, 170,   1, 250, 206],
    [206, 182, 170,   1, 250],
    [250, 206, 182, 170,   1]], order=2^8)
===================================
Comparing to photon_5x5
- beats xor_enc: 35 vs 44
