xor_enc: 40
xtime_enc: 55
=========
xor_dec: 110
xtime_dec: 170
=========
xor_sum: 150
xtime_sum: 225
mat:
GF([[ 2,  8,  6, 10,  7],
    [ 7,  2,  8,  6, 10],
    [10,  7,  2,  8,  6],
    [ 6, 10,  7,  2,  8],
    [ 8,  6, 10,  7,  2]], order=2^8)
inv:
GF([[242, 124, 241, 216, 166],
    [166, 242, 124, 241, 216],
    [216, 166, 242, 124, 241],
    [241, 216, 166, 242, 124],
    [124, 241, 216, 166, 242]], order=2^8)
===================================
Comparing to photon_5x5
- beats xor_enc: 40 vs 44
