xor_enc: 35
xtime_enc: 55
=========
xor_dec: 80
xtime_dec: 150
=========
xor_sum: 115
xtime_sum: 205
mat:
GF([[ 3,  2, 10,  8, 10],
    [10,  3,  2, 10,  8],
    [ 8, 10,  3,  2, 10],
    [10,  8, 10,  3,  2],
    [ 2, 10,  8, 10,  3]], order=2^8)
inv:
GF([[176,  56, 147,  98,  54],
    [ 54, 176,  56, 147,  98],
    [ 98,  54, 176,  56, 147],
    [147,  98,  54, 176,  56],
    [ 56, 147,  98,  54, 176]], order=2^8)
===================================
Comparing to photon_5x5
- beats xor_enc: 35 vs 44
