xor_enc: 35
xtime_enc: 55
=========
xor_dec: 65
xtime_dec: 145
=========
xor_sum: 100
xtime_sum: 200
mat:
GF([[ 2, 10,  4,  8,  7],
    [ 7,  2, 10,  4,  8],
    [ 8,  7,  2, 10,  4],
    [ 4,  8,  7,  2, 10],
    [10,  4,  8,  7,  2]], order=2^8)
inv:
GF([[ 64,   4, 200, 203, 177],
    [177,  64,   4, 200, 203],
    [203, 177,  64,   4, 200],
    [200, 203, 177,  64,   4],
    [  4, 200, 203, 177,  64]], order=2^8)
===================================
Comparing to photon_5x5
- beats xor_enc: 35 vs 44
