xor_enc: 35
xtime_enc: 60
=========
xor_dec: 125
xtime_dec: 160
=========
xor_sum: 160
xtime_sum: 220
mat:
GF([[ 1,  9,  8, 10,  9],
    [ 9,  1,  9,  8, 10],
    [10,  9,  1,  9,  8],
    [ 8, 10,  9,  1,  9],
    [ 9,  8, 10,  9,  1]], order=2^8)
inv:
GF([[229,  47,  95, 142, 237],
    [237, 229,  47,  95, 142],
    [142, 237, 229,  47,  95],
    [ 95, 142, 237, 229,  47],
    [ 47,  95, 142, 237, 229]], order=2^8)
===================================
Comparing to photon_5x5
- beats xor_enc: 35 vs 44
