xor_enc: 40
xtime_enc: 55
=========
xor_dec: 100
xtime_dec: 175
=========
xor_sum: 140
xtime_sum: 230
mat:
GF([[ 1,  5,  9, 10,  9],
    [ 9,  1,  5,  9, 10],
    [10,  9,  1,  5,  9],
    [ 9, 10,  9,  1,  5],
    [ 5,  9, 10,  9,  1]], order=2^8)
inv:
GF([[207, 204, 152, 138, 244],
    [244, 207, 204, 152, 138],
    [138, 244, 207, 204, 152],
    [152, 138, 244, 207, 204],
    [204, 152, 138, 244, 207]], order=2^8)
===================================
Comparing to photon_5x5
- beats xor_enc: 40 vs 44
