xor_enc: 45
xtime_enc: 40
=========
xor_dec: 100
xtime_dec: 160
=========
xor_sum: 145
xtime_sum: 200
mat:
GF([[ 3,  1,  5, 10,  7],
    [ 7,  3,  1,  5, 10],
    [10,  7,  3,  1,  5],
    [ 5, 10,  7,  3,  1],
    [ 1,  5, 10,  7,  3]], order=2^8)
inv:
GF([[186,  64, 126, 102, 203],
    [203, 186,  64, 126, 102],
    [102, 203, 186,  64, 126],
    [126, 102, 203, 186,  64],
    [ 64, 126, 102, 203, 186]], order=2^8)
===================================
Comparing to photon_5x5
- beats xtime_enc: 40 vs 52
