xor_enc: 45
xtime_enc: 40
=========
xor_dec: 80
xtime_dec: 155
=========
xor_sum: 125
xtime_sum: 195
mat:
GF([[ 1,  5,  3,  7, 10],
    [10,  1,  5,  3,  7],
    [ 7, 10,  1,  5,  3],
    [ 3,  7, 10,  1,  5],
    [ 5,  3,  7, 10,  1]], order=2^8)
inv:
GF([[174, 170,  67,  36,  74],
    [ 74, 174, 170,  67,  36],
    [ 36,  74, 174, 170,  67],
    [ 67,  36,  74, 174, 170],
    [170,  67,  36,  74, 174]], order=2^8)
===================================
Comparing to photon_5x5
- beats xtime_enc: 40 vs 52
