xor_enc: 35
xtime_enc: 55
=========
xor_dec: 100
xtime_dec: 160
=========
xor_sum: 135
xtime_sum: 215
mat:
GF([[ 1,  5, 10,  8, 10],
    [10,  1,  5, 10,  8],
    [ 8, 10,  1,  5, 10],
    [10,  8, 10,  1,  5],
    [ 5, 10,  8, 10,  1]], order=2^8)
inv:
GF([[239, 151, 180,  60,  64],
    [ 64, 239, 151, 180,  60],
    [ 60,  64, 239, 151, 180],
    [180,  60,  64, 239, 151],
    [151, 180,  60,  64, 239]], order=2^8)
===================================
Comparing to photon_5x5
- beats xor_enc: 35 vs 44
