xor_enc: 35
xtime_enc: 60
=========
xor_dec: 100
xtime_dec: 150
=========
xor_sum: 135
xtime_sum: 210
mat:
GF([[ 2,  8, 10,  6,  9],
    [ 9,  2,  8, 10,  6],
    [ 6,  9,  2,  8, 10],
    [10,  6,  9,  2,  8],
    [ 8, 10,  6,  9,  2]], order=2^8)
inv:
GF([[186, 164,  49,  29, 245],
    [245, 186, 164,  49,  29],
    [ 29, 245, 186, 164,  49],
    [ 49,  29, 245, 186, 164],
    [164,  49,  29, 245, 186]], order=2^8)
===================================
Comparing to photon_5x5
- beats xor_enc: 35 vs 44
