xor_enc: 45
xtime_enc: 40
=========
xor_dec: 80
xtime_dec: 155
=========
xor_sum: 125
xtime_sum: 195
mat:
GF([[ 2,  7,  7, 10,  1],
    [ 1,  2,  7,  7, 10],
    [10,  1,  2,  7,  7],
    [ 7, 10,  1,  2,  7],
    [ 7,  7, 10,  1,  2]], order=2^8)
inv:
GF([[ 66,  98, 206,  38, 135],
    [135,  66,  98, 206,  38],
    [ 38, 135,  66,  98, 206],
    [206,  38, 135,  66,  98],
    [ 98, 206,  38, 135,  66]], order=2^8)
===================================
Comparing to photon_5x5
- beats xtime_enc: 40 vs 52
