xor_enc: 35
xtime_enc: 60
=========
xor_dec: 90
xtime_dec: 145
=========
xor_sum: 125
xtime_sum: 205
mat:
GF([[ 2, 10,  6,  9,  8],
    [ 8,  2, 10,  6,  9],
    [ 9,  8,  2, 10,  6],
    [ 6,  9,  8,  2, 10],
    [10,  6,  9,  8,  2]], order=2^8)
inv:
GF([[196,  37, 199, 234,  11],
    [ 11, 196,  37, 199, 234],
    [234,  11, 196,  37, 199],
    [199, 234,  11, 196,  37],
    [ 37, 199, 234,  11, 196]], order=2^8)
===================================
Comparing to photon_5x5
- beats xor_enc: 35 vs 44
