xor_enc: 35
xtime_enc: 55
=========
xor_dec: 115
xtime_dec: 155
=========
xor_sum: 150
xtime_sum: 210
mat:
GF([[ 2,  4,  7,  8, 10],
    [10,  2,  4,  7,  8],
    [ 8, 10,  2,  4,  7],
    [ 7,  8, 10,  2,  4],
    [ 4,  7,  8, 10,  2]], order=2^8)
inv:
GF([[ 25, 226, 207, 159,  93],
    [ 93,  25, 226, 207, 159],
    [159,  93,  25, 226, 207],
    [207, 159,  93,  25, 226],
    [226, 207, 159,  93,  25]], order=2^8)
===================================
Comparing to photon_5x5
- beats xor_enc: 35 vs 44
