xor_enc: 35
xtime_enc: 55
=========
xor_dec: 95
xtime_dec: 140
=========
xor_sum: 130
xtime_sum: 195
mat:
GF([[ 2,  9,  6, 10,  4],
    [ 4,  2,  9,  6, 10],
    [10,  4,  2,  9,  6],
    [ 6, 10,  4,  2,  9],
    [ 9,  6, 10,  4,  2]], order=2^8)
inv:
GF([[238, 197,  13,  25, 201],
    [201, 238, 197,  13,  25],
    [ 25, 201, 238, 197,  13],
    [ 13,  25, 201, 238, 197],
    [197,  13,  25, 201, 238]], order=2^8)
===================================
Comparing to photon_5x5
- beats xor_enc: 35 vs 44
