xor_enc: 45
xtime_enc: 40
=========
xor_dec: 80
xtime_dec: 145
=========
xor_sum: 125
xtime_sum: 185
mat:
GF([[ 1,  3, 10,  7,  6],
    [ 6,  1,  3, 10,  7],
    [ 7,  6,  1,  3, 10],
    [10,  7,  6,  1,  3],
    [ 3, 10,  7,  6,  1]], order=2^8)
inv:
GF([[ 48, 210,  34,  52, 187],
    [187,  48, 210,  34,  52],
    [ 52, 187,  48, 210,  34],
    [ 34,  52, 187,  48, 210],
    [210,  34,  52, 187,  48]], order=2^8)
===================================
Comparing to photon_5x5
- beats xtime_enc: 40 vs 52
