xor_enc: 35
xtime_enc: 55
=========
xor_dec: 85
xtime_dec: 160
=========
xor_sum: 120
xtime_sum: 215
mat:
GF([[ 2, 10,  4,  9,  6],
    [ 6,  2, 10,  4,  9],
    [ 9,  6,  2, 10,  4],
    [ 4,  9,  6,  2, 10],
    [10,  4,  9,  6,  2]], order=2^8)
inv:
GF([[ 93, 200, 194,  44, 141],
    [141,  93, 200, 194,  44],
    [ 44, 141,  93, 200, 194],
    [194,  44, 141,  93, 200],
    [200, 194,  44, 141,  93]], order=2^8)
===================================
Comparing to photon_5x5
- beats xor_enc: 35 vs 44
