xor_enc: 35
xtime_enc: 60
=========
xor_dec: 90
xtime_dec: 145
=========
xor_sum: 125
xtime_sum: 205
mat:
GF([[ 2,  9, 10,  8,  6],
    [ 6,  2,  9, 10,  8],
    [ 8,  6,  2,  9, 10],
    [10,  8,  6,  2,  9],
    [ 9, 10,  8,  6,  2]], order=2^8)
inv:
GF([[196, 234,  37,  11, 199],
    [199, 196, 234,  37,  11],
    [ 11, 199, 196, 234,  37],
    [ 37,  11, 199, 196, 234],
    [234,  37,  11, 199, 196]], order=2^8)
===================================
Comparing to photon_5x5
- beats xor_enc: 35 vs 44
