xor_enc: 35
xtime_enc: 60
=========
xor_dec: 85
xtime_dec: 135
=========
xor_sum: 120
xtime_sum: 195
mat:
GF([[ 1,  9,  9, 10,  8],
    [ 8,  1,  9,  9, 10],
    [10,  8,  1,  9,  9],
    [ 9, 10,  8,  1,  9],
    [ 9,  9, 10,  8,  1]], order=2^8)
inv:
GF([[  8,  46, 209, 107, 106],
    [106,   8,  46, 209, 107],
    [107, 106,   8,  46, 209],
    [209, 107, 106,   8,  46],
    [ 46, 209, 107, 106,   8]], order=2^8)
===================================
Comparing to photon_5x5
- beats xor_enc: 35 vs 44
