xor_enc: 45
xtime_enc: 45
=========
xor_dec: 100
xtime_dec: 155
=========
xor_sum: 145
xtime_sum: 200
mat:
GF([[ 2,  3,  5,  7, 10],
    [10,  2,  3,  5,  7],
    [ 7, 10,  2,  3,  5],
    [ 5,  7, 10,  2,  3],
    [ 3,  5,  7, 10,  2]], order=2^8)
inv:
GF([[184,   8, 239, 186, 170],
    [170, 184,   8, 239, 186],
    [186, 170, 184,   8, 239],
    [239, 186, 170, 184,   8],
    [  8, 239, 186, 170, 184]], order=2^8)
===================================
Comparing to photon_5x5
- beats xtime_enc: 45 vs 52
