xor_enc: 35
xtime_enc: 55
=========
xor_dec: 100
xtime_dec: 145
=========
xor_sum: 135
xtime_sum: 200
mat:
GF([[ 2,  3, 10,  9,  8],
    [ 8,  2,  3, 10,  9],
    [ 9,  8,  2,  3, 10],
    [10,  9,  8,  2,  3],
    [ 3, 10,  9,  8,  2]], order=2^8)
inv:
GF([[ 42, 119, 227,  24, 143],
    [143,  42, 119, 227,  24],
    [ 24, 143,  42, 119, 227],
    [227,  24, 143,  42, 119],
    [119, 227,  24, 143,  42]], order=2^8)
===================================
Comparing to photon_5x5
- beats xor_enc: 35 vs 44
