xor_enc: 40
xtime_enc: 55
=========
xor_dec: 120
xtime_dec: 160
=========
xor_sum: 160
xtime_sum: 215
mat:
GF([[ 1, 10, 10,  9,  6],
    [ 6,  1, 10, 10,  9],
    [ 9,  6,  1, 10, 10],
    [10,  9,  6,  1, 10],
    [10, 10,  9,  6,  1]], order=2^8)
inv:
GF([[ 33, 245, 190, 253, 114],
    [114,  33, 245, 190, 253],
    [253, 114,  33, 245, 190],
    [190, 253, 114,  33, 245],
    [245, 190, 253, 114,  33]], order=2^8)
===================================
Comparing to photon_5x5
- beats xor_enc: 40 vs 44
