xor_enc: 35
xtime_enc: 55
=========
xor_dec: 100
xtime_dec: 145
=========
xor_sum: 135
xtime_sum: 200
mat:
GF([[ 1,  6,  9,  8, 10],
    [10,  1,  6,  9,  8],
    [ 8, 10,  1,  6,  9],
    [ 9,  8, 10,  1,  6],
    [ 6,  9,  8, 10,  1]], order=2^8)
inv:
GF([[ 99,  62, 137,  43,  79],
    [ 79,  99,  62, 137,  43],
    [ 43,  79,  99,  62, 137],
    [137,  43,  79,  99,  62],
    [ 62, 137,  43,  79,  99]], order=2^8)
===================================
Comparing to photon_5x5
- beats xor_enc: 35 vs 44
