xor_enc: 30
xtime_enc: 55
=========
xor_dec: 110
xtime_dec: 155
=========
xor_sum: 140
xtime_sum: 210
mat:
GF([[ 1,  4,  8, 10,  9],
    [ 9,  1,  4,  8, 10],
    [10,  9,  1,  4,  8],
    [ 8, 10,  9,  1,  4],
    [ 4,  8, 10,  9,  1]], order=2^8)
inv:
GF([[ 45, 171,  59, 133, 221],
    [221,  45, 171,  59, 133],
    [133, 221,  45, 171,  59],
    [ 59, 133, 221,  45, 171],
    [171,  59, 133, 221,  45]], order=2^8)
===================================
Comparing to photon_5x5
- beats xor_enc: 30 vs 44
