xor_enc: 30
xtime_enc: 60
=========
xor_dec: 125
xtime_dec: 155
=========
xor_sum: 155
xtime_sum: 215
mat:
GF([[ 2,  9,  8, 10,  4],
    [ 4,  2,  9,  8, 10],
    [10,  4,  2,  9,  8],
    [ 8, 10,  4,  2,  9],
    [ 9,  8, 10,  4,  2]], order=2^8)
inv:
GF([[ 33,  59, 255, 215, 211],
    [211,  33,  59, 255, 215],
    [215, 211,  33,  59, 255],
    [255, 215, 211,  33,  59],
    [ 59, 255, 215, 211,  33]], order=2^8)
===================================
Comparing to photon_5x5
- beats xor_enc: 30 vs 44
