xor_enc: 40
xtime_enc: 55
=========
xor_dec: 50
xtime_dec: 110
=========
xor_sum: 90
xtime_sum: 165
mat:
GF([[ 1,  9,  5, 10,  9],
    [ 9,  1,  9,  5, 10],
    [10,  9,  1,  9,  5],
    [ 5, 10,  9,  1,  9],
    [ 9,  5, 10,  9,  1]], order=2^8)
inv:
GF([[ 72,  11, 176,   4,  18],
    [ 18,  72,  11, 176,   4],
    [  4,  18,  72,  11, 176],
    [176,   4,  18,  72,  11],
    [ 11, 176,   4,  18,  72]], order=2^8)
===================================
Comparing to photon_5x5
- beats xor_enc: 40 vs 44
