xor_enc: 40
xtime_enc: 55
=========
xor_dec: 105
xtime_dec: 155
=========
xor_sum: 145
xtime_sum: 210
mat:
GF([[ 2, 10,  4,  9,  7],
    [ 7,  2, 10,  4,  9],
    [ 9,  7,  2, 10,  4],
    [ 4,  9,  7,  2, 10],
    [10,  4,  9,  7,  2]], order=2^8)
inv:
GF([[203,  29, 244, 202, 101],
    [101, 203,  29, 244, 202],
    [202, 101, 203,  29, 244],
    [244, 202, 101, 203,  29],
    [ 29, 244, 202, 101, 203]], order=2^8)
===================================
Comparing to photon_5x5
- beats xor_enc: 40 vs 44
