xor_enc: 45
xtime_enc: 50
=========
xor_dec: 90
xtime_dec: 170
=========
xor_sum: 135
xtime_sum: 220
mat:
GF([[ 3,  3, 10,  8,  7],
    [ 7,  3,  3, 10,  8],
    [ 8,  7,  3,  3, 10],
    [10,  8,  7,  3,  3],
    [ 3, 10,  8,  7,  3]], order=2^8)
inv:
GF([[180, 218,  81, 205, 160],
    [160, 180, 218,  81, 205],
    [205, 160, 180, 218,  81],
    [ 81, 205, 160, 180, 218],
    [218,  81, 205, 160, 180]], order=2^8)
===================================
Comparing to photon_5x5
- beats xtime_enc: 50 vs 52
