xor_enc: 45
xtime_enc: 50
=========
xor_dec: 105
xtime_dec: 170
=========
xor_sum: 150
xtime_sum: 220
mat:
GF([[ 3,  3,  9,  5, 10],
    [10,  3,  3,  9,  5],
    [ 5, 10,  3,  3,  9],
    [ 9,  5, 10,  3,  3],
    [ 3,  9,  5, 10,  3]], order=2^8)
inv:
GF([[235, 129, 172, 231,  90],
    [ 90, 235, 129, 172, 231],
    [231,  90, 235, 129, 172],
    [172, 231,  90, 235, 129],
    [129, 172, 231,  90, 235]], order=2^8)
===================================
Comparing to photon_5x5
- beats xtime_enc: 50 vs 52
