xor_enc: 45
xtime_enc: 45
=========
xor_dec: 90
xtime_dec: 160
=========
xor_sum: 135
xtime_sum: 205
mat:
GF([[ 3,  4,  3,  7, 10],
    [10,  3,  4,  3,  7],
    [ 7, 10,  3,  4,  3],
    [ 3,  7, 10,  3,  4],
    [ 4,  3,  7, 10,  3]], order=2^8)
inv:
GF([[180, 169,  65, 101, 118],
    [118, 180, 169,  65, 101],
    [101, 118, 180, 169,  65],
    [ 65, 101, 118, 180, 169],
    [169,  65, 101, 118, 180]], order=2^8)
===================================
Comparing to photon_5x5
- beats xtime_enc: 45 vs 52
