xor_enc: 30
xtime_enc: 55
=========
xor_dec: 105
xtime_dec: 160
=========
xor_sum: 135
xtime_sum: 215
mat:
GF([[ 1, 10,  8,  4, 10],
    [10,  1, 10,  8,  4],
    [ 4, 10,  1, 10,  8],
    [ 8,  4, 10,  1, 10],
    [10,  8,  4, 10,  1]], order=2^8)
inv:
GF([[198, 108,  54, 215, 170],
    [170, 198, 108,  54, 215],
    [215, 170, 198, 108,  54],
    [ 54, 215, 170, 198, 108],
    [108,  54, 215, 170, 198]], order=2^8)
===================================
Comparing to photon_5x5
- beats xor_enc: 30 vs 44
