xor_enc: 25
xtime_enc: 55
=========
xor_dec: 90
xtime_dec: 160
=========
xor_sum: 115
xtime_sum: 215
mat:
GF([[ 1,  4, 10,  8,  8],
    [ 8,  1,  4, 10,  8],
    [ 8,  8,  1,  4, 10],
    [10,  8,  8,  1,  4],
    [ 4, 10,  8,  8,  1]], order=2^8)
inv:
GF([[154, 202, 216, 111,  32],
    [ 32, 154, 202, 216, 111],
    [111,  32, 154, 202, 216],
    [216, 111,  32, 154, 202],
    [202, 216, 111,  32, 154]], order=2^8)
===================================
Comparing to photon_5x5
- beats xor_enc: 25 vs 44
