xor_enc: 50
xtime_enc: 50
=========
xor_dec: 90
xtime_dec: 150
=========
xor_sum: 140
xtime_sum: 200
mat:
GF([[ 2,  7, 10,  7,  6],
    [ 6,  2,  7, 10,  7],
    [ 7,  6,  2,  7, 10],
    [10,  7,  6,  2,  7],
    [ 7, 10,  7,  6,  2]], order=2^8)
inv:
GF([[ 48, 211, 151,  27, 138],
    [138,  48, 211, 151,  27],
    [ 27, 138,  48, 211, 151],
    [151,  27, 138,  48, 211],
    [211, 151,  27, 138,  48]], order=2^8)
===================================
Comparing to photon_5x5
- beats xtime_enc: 50 vs 52
