xor_enc: 40
xtime_enc: 55
=========
xor_dec: 95
xtime_dec: 155
=========
xor_sum: 135
xtime_sum: 210
mat:
GF([[ 2,  7, 10,  9,  4],
    [ 4,  2,  7, 10,  9],
    [ 9,  4,  2,  7, 10],
    [10,  9,  4,  2,  7],
    [ 7, 10,  9,  4,  2]], order=2^8)
inv:
GF([[ 24,  77, 235, 155, 168],
    [168,  24,  77, 235, 155],
    [155, 168,  24,  77, 235],
    [235, 155, 168,  24,  77],
    [ 77, 235, 155, 168,  24]], order=2^8)
===================================
Comparing to photon_5x5
- beats xor_enc: 40 vs 44
