xor_enc: 45
xtime_enc: 40
=========
xor_dec: 80
xtime_dec: 145
=========
xor_sum: 125
xtime_sum: 185
mat:
GF([[ 1,  7,  3,  6, 10],
    [10,  1,  7,  3,  6],
    [ 6, 10,  1,  7,  3],
    [ 3,  6, 10,  1,  7],
    [ 7,  3,  6, 10,  1]], order=2^8)
inv:
GF([[ 48,  52, 210, 187,  34],
    [ 34,  48,  52, 210, 187],
    [187,  34,  48,  52, 210],
    [210, 187,  34,  48,  52],
    [ 52, 210, 187,  34,  48]], order=2^8)
===================================
Comparing to photon_5x5
- beats xtime_enc: 40 vs 52
