xor_enc: 30
xtime_enc: 60
=========
xor_dec: 110
xtime_dec: 155
=========
xor_sum: 140
xtime_sum: 215
mat:
GF([[ 2,  8,  6, 10,  8],
    [ 8,  2,  8,  6, 10],
    [10,  8,  2,  8,  6],
    [ 6, 10,  8,  2,  8],
    [ 8,  6, 10,  8,  2]], order=2^8)
inv:
GF([[ 79, 241, 180, 242,  29],
    [ 29,  79, 241, 180, 242],
    [242,  29,  79, 241, 180],
    [180, 242,  29,  79, 241],
    [241, 180, 242,  29,  79]], order=2^8)
===================================
Comparing to photon_5x5
- beats xor_enc: 30 vs 44
