xor_enc: 50
xtime_enc: 45
=========
xor_dec: 95
xtime_dec: 125
=========
xor_sum: 145
xtime_sum: 170
mat:
GF([[ 1, 10,  7,  6,  7],
    [ 7,  1, 10,  7,  6],
    [ 6,  7,  1, 10,  7],
    [ 7,  6,  7,  1, 10],
    [10,  7,  6,  7,  1]], order=2^8)
inv:
GF([[175,  53,  63,   5,  65],
    [ 65, 175,  53,  63,   5],
    [  5,  65, 175,  53,  63],
    [ 63,   5,  65, 175,  53],
    [ 53,  63,   5,  65, 175]], order=2^8)
===================================
Comparing to photon_5x5
- beats xtime_enc: 45 vs 52
