xor_enc: 45
xtime_enc: 45
=========
xor_dec: 100
xtime_dec: 175
=========
xor_sum: 145
xtime_sum: 220
mat:
GF([[ 1,  6,  7, 10,  5],
    [ 5,  1,  6,  7, 10],
    [10,  5,  1,  6,  7],
    [ 7, 10,  5,  1,  6],
    [ 6,  7, 10,  5,  1]], order=2^8)
inv:
GF([[197, 224, 204, 212, 250],
    [250, 197, 224, 204, 212],
    [212, 250, 197, 224, 204],
    [204, 212, 250, 197, 224],
    [224, 204, 212, 250, 197]], order=2^8)
===================================
Comparing to photon_5x5
- beats xtime_enc: 45 vs 52
