xor_enc: 45
xtime_enc: 50
=========
xor_dec: 90
xtime_dec: 140
=========
xor_sum: 135
xtime_sum: 190
mat:
GF([[ 2,  3,  9,  7, 10],
    [10,  2,  3,  9,  7],
    [ 7, 10,  2,  3,  9],
    [ 9,  7, 10,  2,  3],
    [ 3,  9,  7, 10,  2]], order=2^8)
inv:
GF([[210, 205,  19,  23,  73],
    [ 73, 210, 205,  19,  23],
    [ 23,  73, 210, 205,  19],
    [ 19,  23,  73, 210, 205],
    [205,  19,  23,  73, 210]], order=2^8)
===================================
Comparing to photon_5x5
- beats xtime_enc: 50 vs 52
