xor_enc: 45
xtime_enc: 40
=========
xor_dec: 90
xtime_dec: 145
=========
xor_sum: 135
xtime_sum: 185
mat:
GF([[ 2,  3, 10,  3,  7],
    [ 7,  2,  3, 10,  3],
    [ 3,  7,  2,  3, 10],
    [10,  3,  7,  2,  3],
    [ 3, 10,  3,  7,  2]], order=2^8)
inv:
GF([[ 56, 249, 117,  49,  66],
    [ 66,  56, 249, 117,  49],
    [ 49,  66,  56, 249, 117],
    [117,  49,  66,  56, 249],
    [249, 117,  49,  66,  56]], order=2^8)
===================================
Comparing to photon_5x5
- beats xtime_enc: 40 vs 52
