xor_enc: 35
xtime_enc: 55
=========
xor_dec: 75
xtime_dec: 155
=========
xor_sum: 110
xtime_sum: 210
mat:
GF([[ 2, 10,  5,  4, 10],
    [10,  2, 10,  5,  4],
    [ 4, 10,  2, 10,  5],
    [ 5,  4, 10,  2, 10],
    [10,  5,  4, 10,  2]], order=2^8)
inv:
GF([[199,  52, 145, 176,  36],
    [ 36, 199,  52, 145, 176],
    [176,  36, 199,  52, 145],
    [145, 176,  36, 199,  52],
    [ 52, 145, 176,  36, 199]], order=2^8)
===================================
Comparing to photon_5x5
- beats xor_enc: 35 vs 44
