xor_enc: 45
xtime_enc: 50
=========
xor_dec: 105
xtime_dec: 160
=========
xor_sum: 150
xtime_sum: 210
mat:
GF([[ 1,  7,  8,  7, 10],
    [10,  1,  7,  8,  7],
    [ 7, 10,  1,  7,  8],
    [ 8,  7, 10,  1,  7],
    [ 7,  8,  7, 10,  1]], order=2^8)
inv:
GF([[118,  33, 184, 253, 228],
    [228, 118,  33, 184, 253],
    [253, 228, 118,  33, 184],
    [184, 253, 228, 118,  33],
    [ 33, 184, 253, 228, 118]], order=2^8)
===================================
Comparing to photon_5x5
- beats xtime_enc: 50 vs 52
