xor_enc: 45
xtime_enc: 45
=========
xor_dec: 85
xtime_dec: 150
=========
xor_sum: 130
xtime_sum: 195
mat:
GF([[ 1, 10,  7,  3,  9],
    [ 9,  1, 10,  7,  3],
    [ 3,  9,  1, 10,  7],
    [ 7,  3,  9,  1, 10],
    [10,  7,  3,  9,  1]], order=2^8)
inv:
GF([[182,  82,  83, 216,  20],
    [ 20, 182,  82,  83, 216],
    [216,  20, 182,  82,  83],
    [ 83, 216,  20, 182,  82],
    [ 82,  83, 216,  20, 182]], order=2^8)
===================================
Comparing to photon_5x5
- beats xtime_enc: 45 vs 52
