xor_enc: 30
xtime_enc: 55
=========
xor_dec: 135
xtime_dec: 155
=========
xor_sum: 165
xtime_sum: 210
mat:
GF([[ 1,  4,  8, 10, 10],
    [10,  1,  4,  8, 10],
    [10, 10,  1,  4,  8],
    [ 8, 10, 10,  1,  4],
    [ 4,  8, 10, 10,  1]], order=2^8)
inv:
GF([[ 18,  95, 255, 255, 172],
    [172,  18,  95, 255, 255],
    [255, 172,  18,  95, 255],
    [255, 255, 172,  18,  95],
    [ 95, 255, 255, 172,  18]], order=2^8)
===================================
Comparing to photon_5x5
- beats xor_enc: 30 vs 44
