xor_enc: 30
xtime_enc: 55
=========
xor_dec: 105
xtime_dec: 135
=========
xor_sum: 135
xtime_sum: 190
mat:
GF([[ 2, 10,  3,  8,  8],
    [ 8,  2, 10,  3,  8],
    [ 8,  8,  2, 10,  3],
    [ 3,  8,  8,  2, 10],
    [10,  3,  8,  8,  2]], order=2^8)
inv:
GF([[ 79, 220,  15, 110,  50],
    [ 50,  79, 220,  15, 110],
    [110,  50,  79, 220,  15],
    [ 15, 110,  50,  79, 220],
    [220,  15, 110,  50,  79]], order=2^8)
===================================
Comparing to photon_5x5
- beats xor_enc: 30 vs 44
