xor_enc: 30
xtime_enc: 55
=========
xor_dec: 100
xtime_dec: 145
=========
xor_sum: 130
xtime_sum: 200
mat:
GF([[ 2,  4,  9,  4, 10],
    [10,  2,  4,  9,  4],
    [ 4, 10,  2,  4,  9],
    [ 9,  4, 10,  2,  4],
    [ 4,  9,  4, 10,  2]], order=2^8)
inv:
GF([[217,  59,  23, 177,  69],
    [ 69, 217,  59,  23, 177],
    [177,  69, 217,  59,  23],
    [ 23, 177,  69, 217,  59],
    [ 59,  23, 177,  69, 217]], order=2^8)
===================================
Comparing to photon_5x5
- beats xor_enc: 30 vs 44
