xor_enc: 45
xtime_enc: 50
=========
xor_dec: 100
xtime_dec: 125
=========
xor_sum: 145
xtime_sum: 175
mat:
GF([[ 2,  9,  7,  3, 10],
    [10,  2,  9,  7,  3],
    [ 3, 10,  2,  9,  7],
    [ 7,  3, 10,  2,  9],
    [ 9,  7,  3, 10,  2]], order=2^8)
inv:
GF([[ 22, 113,  60,  62,  55],
    [ 55,  22, 113,  60,  62],
    [ 62,  55,  22, 113,  60],
    [ 60,  62,  55,  22, 113],
    [113,  60,  62,  55,  22]], order=2^8)
===================================
Comparing to photon_5x5
- beats xtime_enc: 50 vs 52
