xor_enc: 40
xtime_enc: 55
=========
xor_dec: 90
xtime_dec: 165
=========
xor_sum: 130
xtime_sum: 220
mat:
GF([[ 1,  8, 10,  7, 10],
    [10,  1,  8, 10,  7],
    [ 7, 10,  1,  8, 10],
    [10,  7, 10,  1,  8],
    [ 8, 10,  7, 10,  1]], order=2^8)
inv:
GF([[122, 210, 209, 204,  80],
    [ 80, 122, 210, 209, 204],
    [204,  80, 122, 210, 209],
    [209, 204,  80, 122, 210],
    [210, 209, 204,  80, 122]], order=2^8)
===================================
Comparing to photon_5x5
- beats xor_enc: 40 vs 44
