xor_enc: 45
xtime_enc: 45
=========
xor_dec: 80
xtime_dec: 145
=========
xor_sum: 125
xtime_sum: 190
mat:
GF([[ 1, 10,  7,  5,  6],
    [ 6,  1, 10,  7,  5],
    [ 5,  6,  1, 10,  7],
    [ 7,  5,  6,  1, 10],
    [10,  7,  5,  6,  1]], order=2^8)
inv:
GF([[142, 126, 100,  66,  17],
    [ 17, 142, 126, 100,  66],
    [ 66,  17, 142, 126, 100],
    [100,  66,  17, 142, 126],
    [126, 100,  66,  17, 142]], order=2^8)
===================================
Comparing to photon_5x5
- beats xtime_enc: 45 vs 52
