xor_enc: 35
xtime_enc: 55
=========
xor_dec: 110
xtime_dec: 175
=========
xor_sum: 145
xtime_sum: 230
mat:
GF([[ 1,  8,  9, 10,  5],
    [ 5,  1,  8,  9, 10],
    [10,  5,  1,  8,  9],
    [ 9, 10,  5,  1,  8],
    [ 8,  9, 10,  5,  1]], order=2^8)
inv:
GF([[251, 229, 209, 141, 133],
    [133, 251, 229, 209, 141],
    [141, 133, 251, 229, 209],
    [209, 141, 133, 251, 229],
    [229, 209, 141, 133, 251]], order=2^8)
===================================
Comparing to photon_5x5
- beats xor_enc: 35 vs 44
