xor_enc: 30
xtime_enc: 55
=========
xor_dec: 110
xtime_dec: 150
=========
xor_sum: 140
xtime_sum: 205
mat:
GF([[ 1,  9,  4, 10,  8],
    [ 8,  1,  9,  4, 10],
    [10,  8,  1,  9,  4],
    [ 4, 10,  8,  1,  9],
    [ 9,  4, 10,  8,  1]], order=2^8)
inv:
GF([[220,  54,  25, 175, 185],
    [185, 220,  54,  25, 175],
    [175, 185, 220,  54,  25],
    [ 25, 175, 185, 220,  54],
    [ 54,  25, 175, 185, 220]], order=2^8)
===================================
Comparing to photon_5x5
- beats xor_enc: 30 vs 44
