xor_enc: 40
xtime_enc: 55
=========
xor_dec: 105
xtime_dec: 150
=========
xor_sum: 145
xtime_sum: 205
mat:
GF([[ 2,  4, 10,  7,  9],
    [ 9,  2,  4, 10,  7],
    [ 7,  9,  2,  4, 10],
    [10,  7,  9,  2,  4],
    [ 4, 10,  7,  9,  2]], order=2^8)
inv:
GF([[113, 197, 107,  53, 103],
    [103, 113, 197, 107,  53],
    [ 53, 103, 113, 197, 107],
    [107,  53, 103, 113, 197],
    [197, 107,  53, 103, 113]], order=2^8)
===================================
Comparing to photon_5x5
- beats xor_enc: 40 vs 44
