xor_enc: 35
xtime_enc: 55
=========
xor_dec: 100
xtime_dec: 160
=========
xor_sum: 135
xtime_sum: 215
mat:
GF([[ 1,  5,  9,  8, 10],
    [10,  1,  5,  9,  8],
    [ 8, 10,  1,  5,  9],
    [ 9,  8, 10,  1,  5],
    [ 5,  9,  8, 10,  1]], order=2^8)
inv:
GF([[106, 159, 186,  42, 162],
    [162, 106, 159, 186,  42],
    [ 42, 162, 106, 159, 186],
    [186,  42, 162, 106, 159],
    [159, 186,  42, 162, 106]], order=2^8)
===================================
Comparing to photon_5x5
- beats xor_enc: 35 vs 44
