xor_enc: 35
xtime_enc: 55
=========
xor_dec: 65
xtime_dec: 145
=========
xor_sum: 100
xtime_sum: 200
mat:
GF([[ 2,  8, 10,  7,  4],
    [ 4,  2,  8, 10,  7],
    [ 7,  4,  2,  8, 10],
    [10,  7,  4,  2,  8],
    [ 8, 10,  7,  4,  2]], order=2^8)
inv:
GF([[ 64, 203,   4, 177, 200],
    [200,  64, 203,   4, 177],
    [177, 200,  64, 203,   4],
    [  4, 177, 200,  64, 203],
    [203,   4, 177, 200,  64]], order=2^8)
===================================
Comparing to photon_5x5
- beats xor_enc: 35 vs 44
