xor_enc: 40
xtime_enc: 55
=========
xor_dec: 75
xtime_dec: 125
=========
xor_sum: 115
xtime_sum: 180
mat:
GF([[ 2, 10,  7,  9,  4],
    [ 4,  2, 10,  7,  9],
    [ 9,  4,  2, 10,  7],
    [ 7,  9,  4,  2, 10],
    [10,  7,  9,  4,  2]], order=2^8)
inv:
GF([[  5,  34, 205,  82,  53],
    [ 53,   5,  34, 205,  82],
    [ 82,  53,   5,  34, 205],
    [205,  82,  53,   5,  34],
    [ 34, 205,  82,  53,   5]], order=2^8)
===================================
Comparing to photon_5x5
- beats xor_enc: 40 vs 44
