xor_enc: 35
xtime_enc: 55
=========
xor_dec: 110
xtime_dec: 155
=========
xor_sum: 145
xtime_sum: 210
mat:
GF([[ 1, 10,  9,  6,  8],
    [ 8,  1, 10,  9,  6],
    [ 6,  8,  1, 10,  9],
    [ 9,  6,  8,  1, 10],
    [10,  9,  6,  8,  1]], order=2^8)
inv:
GF([[232,  22,  75, 191, 186],
    [186, 232,  22,  75, 191],
    [191, 186, 232,  22,  75],
    [ 75, 191, 186, 232,  22],
    [ 22,  75, 191, 186, 232]], order=2^8)
===================================
Comparing to photon_5x5
- beats xor_enc: 35 vs 44
