xor_enc: 40
xtime_enc: 55
=========
xor_dec: 105
xtime_dec: 150
=========
xor_sum: 145
xtime_sum: 205
mat:
GF([[ 2,  9, 10,  6,  5],
    [ 5,  2,  9, 10,  6],
    [ 6,  5,  2,  9, 10],
    [10,  6,  5,  2,  9],
    [ 9, 10,  6,  5,  2]], order=2^8)
inv:
GF([[ 43, 214, 198,  29, 171],
    [171,  43, 214, 198,  29],
    [ 29, 171,  43, 214, 198],
    [198,  29, 171,  43, 214],
    [214, 198,  29, 171,  43]], order=2^8)
===================================
Comparing to photon_5x5
- beats xor_enc: 40 vs 44
