xor_enc: 30
xtime_enc: 55
=========
xor_dec: 75
xtime_dec: 135
=========
xor_sum: 105
xtime_sum: 190
mat:
GF([[ 2,  4,  6, 10,  8],
    [ 8,  2,  4,  6, 10],
    [10,  8,  2,  4,  6],
    [ 6, 10,  8,  2,  4],
    [ 4,  6, 10,  8,  2]], order=2^8)
inv:
GF([[ 70, 118,  16,  25, 180],
    [180,  70, 118,  16,  25],
    [ 25, 180,  70, 118,  16],
    [ 16,  25, 180,  70, 118],
    [118,  16,  25, 180,  70]], order=2^8)
===================================
Comparing to photon_5x5
- beats xor_enc: 30 vs 44
