xor_enc: 45
xtime_enc: 50
=========
xor_dec: 105
xtime_dec: 160
=========
xor_sum: 150
xtime_sum: 210
mat:
GF([[ 1,  7, 10,  6,  9],
    [ 9,  1,  7, 10,  6],
    [ 6,  9,  1,  7, 10],
    [10,  6,  9,  1,  7],
    [ 7, 10,  6,  9,  1]], order=2^8)
inv:
GF([[186,  60, 117, 167, 162],
    [162, 186,  60, 117, 167],
    [167, 162, 186,  60, 117],
    [117, 167, 162, 186,  60],
    [ 60, 117, 167, 162, 186]], order=2^8)
===================================
Comparing to photon_5x5
- beats xtime_enc: 50 vs 52
