xor_enc: 45
xtime_enc: 50
=========
xor_dec: 55
xtime_dec: 105
=========
xor_sum: 100
xtime_sum: 155
mat:
GF([[ 1,  6,  9, 10,  7],
    [ 7,  1,  6,  9, 10],
    [10,  7,  1,  6,  9],
    [ 9, 10,  7,  1,  6],
    [ 6,  9, 10,  7,  1]], order=2^8)
inv:
GF([[  8, 232,   3,  36,  49],
    [ 49,   8, 232,   3,  36],
    [ 36,  49,   8, 232,   3],
    [  3,  36,  49,   8, 232],
    [232,   3,  36,  49,   8]], order=2^8)
===================================
Comparing to photon_5x5
- beats xtime_enc: 50 vs 52
