xor_enc: 45
xtime_enc: 50
=========
xor_dec: 115
xtime_dec: 150
=========
xor_sum: 160
xtime_sum: 200
mat:
GF([[ 3,  3,  5, 10,  9],
    [ 9,  3,  3,  5, 10],
    [10,  9,  3,  3,  5],
    [ 5, 10,  9,  3,  3],
    [ 3,  5, 10,  9,  3]], order=2^8)
inv:
GF([[ 79,  29, 197,  87, 187],
    [187,  79,  29, 197,  87],
    [ 87, 187,  79,  29, 197],
    [197,  87, 187,  79,  29],
    [ 29, 197,  87, 187,  79]], order=2^8)
===================================
Comparing to photon_5x5
- beats xtime_enc: 50 vs 52
