xor_enc: 45
xtime_enc: 50
=========
xor_dec: 105
xtime_dec: 165
=========
xor_sum: 150
xtime_sum: 215
mat:
GF([[ 1, 10,  5,  7, 10],
    [10,  1, 10,  5,  7],
    [ 7, 10,  1, 10,  5],
    [ 5,  7, 10,  1, 10],
    [10,  5,  7, 10,  1]], order=2^8)
inv:
GF([[224, 178, 114, 105, 191],
    [191, 224, 178, 114, 105],
    [105, 191, 224, 178, 114],
    [114, 105, 191, 224, 178],
    [178, 114, 105, 191, 224]], order=2^8)
===================================
Comparing to photon_5x5
- beats xtime_enc: 50 vs 52
