xor_enc: 45
xtime_enc: 45
=========
xor_dec: 85
xtime_dec: 140
=========
xor_sum: 130
xtime_sum: 185
mat:
GF([[ 1,  7, 10,  9,  3],
    [ 3,  1,  7, 10,  9],
    [ 9,  3,  1,  7, 10],
    [10,  9,  3,  1,  7],
    [ 7, 10,  9,  3,  1]], order=2^8)
inv:
GF([[148,  79,  88,   4, 252],
    [252, 148,  79,  88,   4],
    [  4, 252, 148,  79,  88],
    [ 88,   4, 252, 148,  79],
    [ 79,  88,   4, 252, 148]], order=2^8)
===================================
Comparing to photon_5x5
- beats xtime_enc: 45 vs 52
