xor_enc: 45
xtime_enc: 40
=========
xor_dec: 100
xtime_dec: 160
=========
xor_sum: 145
xtime_sum: 200
mat:
GF([[ 1,  7,  6,  3, 10],
    [10,  1,  7,  6,  3],
    [ 3, 10,  1,  7,  6],
    [ 6,  3, 10,  1,  7],
    [ 7,  6,  3, 10,  1]], order=2^8)
inv:
GF([[184, 242, 236,  17, 248],
    [248, 184, 242, 236,  17],
    [ 17, 248, 184, 242, 236],
    [236,  17, 248, 184, 242],
    [242, 236,  17, 248, 184]], order=2^8)
===================================
Comparing to photon_5x5
- beats xtime_enc: 40 vs 52
