xor_enc: 45
xtime_enc: 45
=========
xor_dec: 100
xtime_dec: 155
=========
xor_sum: 145
xtime_sum: 200
mat:
GF([[ 2,  5, 10,  3,  7],
    [ 7,  2,  5, 10,  3],
    [ 3,  7,  2,  5, 10],
    [10,  3,  7,  2,  5],
    [ 5, 10,  3,  7,  2]], order=2^8)
inv:
GF([[184, 239, 170,   8, 186],
    [186, 184, 239, 170,   8],
    [  8, 186, 184, 239, 170],
    [170,   8, 186, 184, 239],
    [239, 170,   8, 186, 184]], order=2^8)
===================================
Comparing to photon_5x5
- beats xtime_enc: 45 vs 52
