xor_enc: 40
xtime_enc: 55
=========
xor_dec: 75
xtime_dec: 120
=========
xor_sum: 115
xtime_sum: 175
mat:
GF([[ 2, 10,  9,  3, 10],
    [10,  2, 10,  9,  3],
    [ 3, 10,  2, 10,  9],
    [ 9,  3, 10,  2, 10],
    [10,  9,  3, 10,  2]], order=2^8)
inv:
GF([[ 34,  10, 177, 122,  11],
    [ 11,  34,  10, 177, 122],
    [122,  11,  34,  10, 177],
    [177, 122,  11,  34,  10],
    [ 10, 177, 122,  11,  34]], order=2^8)
===================================
Comparing to photon_5x5
- beats xor_enc: 40 vs 44
