xor_enc: 45
xtime_enc: 40
=========
xor_dec: 80
xtime_dec: 155
=========
xor_sum: 125
xtime_sum: 195
mat:
GF([[ 1,  7, 10,  2,  7],
    [ 7,  1,  7, 10,  2],
    [ 2,  7,  1,  7, 10],
    [10,  2,  7,  1,  7],
    [ 7, 10,  2,  7,  1]], order=2^8)
inv:
GF([[ 98,  38,  66, 206, 135],
    [135,  98,  38,  66, 206],
    [206, 135,  98,  38,  66],
    [ 66, 206, 135,  98,  38],
    [ 38,  66, 206, 135,  98]], order=2^8)
===================================
Comparing to photon_5x5
- beats xtime_enc: 40 vs 52
