xor_enc: 35
xtime_enc: 60
=========
xor_dec: 80
xtime_dec: 145
=========
xor_sum: 115
xtime_sum: 205
mat:
GF([[ 2,  9,  8,  5, 10],
    [10,  2,  9,  8,  5],
    [ 5, 10,  2,  9,  8],
    [ 8,  5, 10,  2,  9],
    [ 9,  8,  5, 10,  2]], order=2^8)
inv:
GF([[ 52,  77, 141, 112,  52],
    [ 52,  52,  77, 141, 112],
    [112,  52,  52,  77, 141],
    [141, 112,  52,  52,  77],
    [ 77, 141, 112,  52,  52]], order=2^8)
===================================
Comparing to photon_5x5
- beats xor_enc: 35 vs 44
