xor_enc: 45
xtime_enc: 50
=========
xor_dec: 90
xtime_dec: 130
=========
xor_sum: 135
xtime_sum: 180
mat:
GF([[ 2,  6,  7, 10,  5],
    [ 5,  2,  6,  7, 10],
    [10,  5,  2,  6,  7],
    [ 7, 10,  5,  2,  6],
    [ 6,  7, 10,  5,  2]], order=2^8)
inv:
GF([[ 51,  84,  49, 235,  13],
    [ 13,  51,  84,  49, 235],
    [235,  13,  51,  84,  49],
    [ 49, 235,  13,  51,  84],
    [ 84,  49, 235,  13,  51]], order=2^8)
===================================
Comparing to photon_5x5
- beats xtime_enc: 50 vs 52
