xor_enc: 30
xtime_enc: 55
=========
xor_dec: 80
xtime_dec: 120
=========
xor_sum: 110
xtime_sum: 175
mat:
GF([[ 2, 10,  5,  4,  8],
    [ 8,  2, 10,  5,  4],
    [ 4,  8,  2, 10,  5],
    [ 5,  4,  8,  2, 10],
    [10,  5,  4,  8,  2]], order=2^8)
inv:
GF([[ 12, 220,   3, 116, 166],
    [166,  12, 220,   3, 116],
    [116, 166,  12, 220,   3],
    [  3, 116, 166,  12, 220],
    [220,   3, 116, 166,  12]], order=2^8)
===================================
Comparing to photon_5x5
- beats xor_enc: 30 vs 44
