xor_enc: 35
xtime_enc: 60
=========
xor_dec: 70
xtime_dec: 125
=========
xor_sum: 105
xtime_sum: 185
mat:
GF([[ 2, 10,  9,  9,  4],
    [ 4,  2, 10,  9,  9],
    [ 9,  4,  2, 10,  9],
    [ 9,  9,  4,  2, 10],
    [10,  9,  9,  4,  2]], order=2^8)
inv:
GF([[ 97,  18, 167,  98,   6],
    [  6,  97,  18, 167,  98],
    [ 98,   6,  97,  18, 167],
    [167,  98,   6,  97,  18],
    [ 18, 167,  98,   6,  97]], order=2^8)
===================================
Comparing to photon_5x5
- beats xor_enc: 35 vs 44
