xor_enc: 35
xtime_enc: 55
=========
xor_dec: 110
xtime_dec: 155
=========
xor_sum: 145
xtime_sum: 210
mat:
GF([[ 1,  7, 10,  8,  8],
    [ 8,  1,  7, 10,  8],
    [ 8,  8,  1,  7, 10],
    [10,  8,  8,  1,  7],
    [ 7, 10,  8,  8,  1]], order=2^8)
inv:
GF([[ 84, 233, 205, 219,  27],
    [ 27,  84, 233, 205, 219],
    [219,  27,  84, 233, 205],
    [205, 219,  27,  84, 233],
    [233, 205, 219,  27,  84]], order=2^8)
===================================
Comparing to photon_5x5
- beats xor_enc: 35 vs 44
