xor_enc: 45
xtime_enc: 45
=========
xor_dec: 130
xtime_dec: 155
=========
xor_sum: 175
xtime_sum: 200
mat:
GF([[ 2, 10,  7,  3,  5],
    [ 5,  2, 10,  7,  3],
    [ 3,  5,  2, 10,  7],
    [ 7,  3,  5,  2, 10],
    [10,  7,  3,  5,  2]], order=2^8)
inv:
GF([[127,  41, 189,  83, 247],
    [247, 127,  41, 189,  83],
    [ 83, 247, 127,  41, 189],
    [189,  83, 247, 127,  41],
    [ 41, 189,  83, 247, 127]], order=2^8)
===================================
Comparing to photon_5x5
- beats xtime_enc: 45 vs 52
