xor_enc: 30
xtime_enc: 60
=========
xor_dec: 75
xtime_dec: 150
=========
xor_sum: 105
xtime_sum: 210
mat:
GF([[ 1,  9, 10,  8,  8],
    [ 8,  1,  9, 10,  8],
    [ 8,  8,  1,  9, 10],
    [10,  8,  8,  1,  9],
    [ 9, 10,  8,  8,  1]], order=2^8)
inv:
GF([[ 20, 184,  55, 148, 130],
    [130,  20, 184,  55, 148],
    [148, 130,  20, 184,  55],
    [ 55, 148, 130,  20, 184],
    [184,  55, 148, 130,  20]], order=2^8)
===================================
Comparing to photon_5x5
- beats xor_enc: 30 vs 44
