xor_enc: 45
xtime_enc: 35
=========
xor_dec: 130
xtime_dec: 160
=========
xor_sum: 175
xtime_sum: 195
mat:
GF([[ 1,  7,  3, 10,  3],
    [ 3,  1,  7,  3, 10],
    [10,  3,  1,  7,  3],
    [ 3, 10,  3,  1,  7],
    [ 7,  3, 10,  3,  1]], order=2^8)
inv:
GF([[189, 175, 107,  47, 230],
    [230, 189, 175, 107,  47],
    [ 47, 230, 189, 175, 107],
    [107,  47, 230, 189, 175],
    [175, 107,  47, 230, 189]], order=2^8)
===================================
Comparing to photon_5x5
- beats xtime_enc: 35 vs 52
