xor_enc: 30
xtime_enc: 55
=========
xor_dec: 90
xtime_dec: 155
=========
xor_sum: 120
xtime_sum: 210
mat:
GF([[ 2,  4, 10,  5,  8],
    [ 8,  2,  4, 10,  5],
    [ 5,  8,  2,  4, 10],
    [10,  5,  8,  2,  4],
    [ 4, 10,  5,  8,  2]], order=2^8)
inv:
GF([[ 53, 128, 190,  83,  89],
    [ 89,  53, 128, 190,  83],
    [ 83,  89,  53, 128, 190],
    [190,  83,  89,  53, 128],
    [128, 190,  83,  89,  53]], order=2^8)
===================================
Comparing to photon_5x5
- beats xor_enc: 30 vs 44
