xor_enc: 40
xtime_enc: 55
=========
xor_dec: 120
xtime_dec: 170
=========
xor_sum: 160
xtime_sum: 225
mat:
GF([[ 2, 10, 10,  7,  4],
    [ 4,  2, 10, 10,  7],
    [ 7,  4,  2, 10, 10],
    [10,  7,  4,  2, 10],
    [10, 10,  7,  4,  2]], order=2^8)
inv:
GF([[252,  67, 218, 215, 179],
    [179, 252,  67, 218, 215],
    [215, 179, 252,  67, 218],
    [218, 215, 179, 252,  67],
    [ 67, 218, 215, 179, 252]], order=2^8)
===================================
Comparing to photon_5x5
- beats xor_enc: 40 vs 44
