xor_enc: 45
xtime_enc: 45
=========
xor_dec: 90
xtime_dec: 170
=========
xor_sum: 135
xtime_sum: 215
mat:
GF([[ 3,  3,  7, 10,  4],
    [ 4,  3,  3,  7, 10],
    [10,  4,  3,  3,  7],
    [ 7, 10,  4,  3,  3],
    [ 3,  7, 10,  4,  3]], order=2^8)
inv:
GF([[206, 131, 147,  66, 211],
    [211, 206, 131, 147,  66],
    [ 66, 211, 206, 131, 147],
    [147,  66, 211, 206, 131],
    [131, 147,  66, 211, 206]], order=2^8)
===================================
Comparing to photon_5x5
- beats xtime_enc: 45 vs 52
