xor_enc: 45
xtime_enc: 50
=========
xor_dec: 125
xtime_dec: 165
=========
xor_sum: 170
xtime_sum: 215
mat:
GF([[ 1, 10,  7, 10,  5],
    [ 5,  1, 10,  7, 10],
    [10,  5,  1, 10,  7],
    [ 7, 10,  5,  1, 10],
    [10,  7, 10,  5,  1]], order=2^8)
inv:
GF([[254, 241, 241, 109, 101],
    [101, 254, 241, 241, 109],
    [109, 101, 254, 241, 241],
    [241, 109, 101, 254, 241],
    [241, 241, 109, 101, 254]], order=2^8)
===================================
Comparing to photon_5x5
- beats xtime_enc: 50 vs 52
