xor_enc: 50
xtime_enc: 45
=========
xor_dec: 105
xtime_dec: 140
=========
xor_sum: 155
xtime_sum: 185
mat:
GF([[ 1, 10,  7,  7,  6],
    [ 6,  1, 10,  7,  7],
    [ 7,  6,  1, 10,  7],
    [ 7,  7,  6,  1, 10],
    [10,  7,  7,  6,  1]], order=2^8)
inv:
GF([[ 76, 127, 185, 103,  12],
    [ 12,  76, 127, 185, 103],
    [103,  12,  76, 127, 185],
    [185, 103,  12,  76, 127],
    [127, 185, 103,  12,  76]], order=2^8)
===================================
Comparing to photon_5x5
- beats xtime_enc: 45 vs 52
