xor_enc: 40
xtime_enc: 55
=========
xor_dec: 85
xtime_dec: 145
=========
xor_sum: 125
xtime_sum: 200
mat:
GF([[ 1,  8, 10,  7,  9],
    [ 9,  1,  8, 10,  7],
    [ 7,  9,  1,  8, 10],
    [10,  7,  9,  1,  8],
    [ 8, 10,  7,  9,  1]], order=2^8)
inv:
GF([[ 21, 233, 146, 148,  27],
    [ 27,  21, 233, 146, 148],
    [148,  27,  21, 233, 146],
    [146, 148,  27,  21, 233],
    [233, 146, 148,  27,  21]], order=2^8)
===================================
Comparing to photon_5x5
- beats xor_enc: 40 vs 44
