xor_enc: 40
xtime_enc: 60
=========
xor_dec: 85
xtime_dec: 135
=========
xor_sum: 125
xtime_sum: 195
mat:
GF([[ 2,  9,  5, 10,  9],
    [ 9,  2,  9,  5, 10],
    [10,  9,  2,  9,  5],
    [ 5, 10,  9,  2,  9],
    [ 9,  5, 10,  9,  2]], order=2^8)
inv:
GF([[145, 186, 112, 187,   1],
    [  1, 145, 186, 112, 187],
    [187,   1, 145, 186, 112],
    [112, 187,   1, 145, 186],
    [186, 112, 187,   1, 145]], order=2^8)
===================================
Comparing to photon_5x5
- beats xor_enc: 40 vs 44
