xor_enc: 40
xtime_enc: 60
=========
xor_dec: 100
xtime_dec: 150
=========
xor_sum: 140
xtime_sum: 210
mat:
GF([[ 2,  9, 10,  9,  6],
    [ 6,  2,  9, 10,  9],
    [ 9,  6,  2,  9, 10],
    [10,  9,  6,  2,  9],
    [ 9, 10,  9,  6,  2]], order=2^8)
inv:
GF([[175,  61, 174,  24, 193],
    [193, 175,  61, 174,  24],
    [ 24, 193, 175,  61, 174],
    [174,  24, 193, 175,  61],
    [ 61, 174,  24, 193, 175]], order=2^8)
===================================
Comparing to photon_5x5
- beats xor_enc: 40 vs 44
