xor_enc: 40
xtime_enc: 60
=========
xor_dec: 85
xtime_dec: 175
=========
xor_sum: 125
xtime_sum: 235
mat:
GF([[ 2, 10,  5,  9,  9],
    [ 9,  2, 10,  5,  9],
    [ 9,  9,  2, 10,  5],
    [ 5,  9,  9,  2, 10],
    [10,  5,  9,  9,  2]], order=2^8)
inv:
GF([[225, 132, 169, 232, 197],
    [197, 225, 132, 169, 232],
    [232, 197, 225, 132, 169],
    [169, 232, 197, 225, 132],
    [132, 169, 232, 197, 225]], order=2^8)
===================================
Comparing to photon_5x5
- beats xor_enc: 40 vs 44
