xor_enc: 50
xtime_enc: 45
=========
xor_dec: 80
xtime_dec: 140
=========
xor_sum: 130
xtime_sum: 185
mat:
GF([[ 1,  7,  7, 10,  5],
    [ 5,  1,  7,  7, 10],
    [10,  5,  1,  7,  7],
    [ 7, 10,  5,  1,  7],
    [ 7,  7, 10,  5,  1]], order=2^8)
inv:
GF([[203,  44, 165,   4, 163],
    [163, 203,  44, 165,   4],
    [  4, 163, 203,  44, 165],
    [165,   4, 163, 203,  44],
    [ 44, 165,   4, 163, 203]], order=2^8)
===================================
Comparing to photon_5x5
- beats xtime_enc: 45 vs 52
