xor_enc: 45
xtime_enc: 45
=========
xor_dec: 90
xtime_dec: 150
=========
xor_sum: 135
xtime_sum: 195
mat:
GF([[ 1, 10,  7,  5,  5],
    [ 5,  1, 10,  7,  5],
    [ 5,  5,  1, 10,  7],
    [ 7,  5,  5,  1, 10],
    [10,  7,  5,  5,  1]], order=2^8)
inv:
GF([[234,  69,  83,  48, 124],
    [124, 234,  69,  83,  48],
    [ 48, 124, 234,  69,  83],
    [ 83,  48, 124, 234,  69],
    [ 69,  83,  48, 124, 234]], order=2^8)
===================================
Comparing to photon_5x5
- beats xtime_enc: 45 vs 52
