xor_enc: 40
xtime_enc: 60
=========
xor_dec: 80
xtime_dec: 140
=========
xor_sum: 120
xtime_sum: 200
mat:
GF([[ 2,  7,  8,  9, 10],
    [10,  2,  7,  8,  9],
    [ 9, 10,  2,  7,  8],
    [ 8,  9, 10,  2,  7],
    [ 7,  8,  9, 10,  2]], order=2^8)
inv:
GF([[144, 204, 252,   2,  71],
    [ 71, 144, 204, 252,   2],
    [  2,  71, 144, 204, 252],
    [252,   2,  71, 144, 204],
    [204, 252,   2,  71, 144]], order=2^8)
===================================
Comparing to photon_5x5
- beats xor_enc: 40 vs 44
