xor_enc: 50
xtime_enc: 45
=========
xor_dec: 55
xtime_dec: 140
=========
xor_sum: 105
xtime_sum: 185
mat:
GF([[ 2, 10,  3,  7,  7],
    [ 7,  2, 10,  3,  7],
    [ 7,  7,  2, 10,  3],
    [ 3,  7,  7,  2, 10],
    [10,  3,  7,  7,  2]], order=2^8)
inv:
GF([[ 20, 128, 197, 152,   9],
    [  9,  20, 128, 197, 152],
    [152,   9,  20, 128, 197],
    [197, 152,   9,  20, 128],
    [128, 197, 152,   9,  20]], order=2^8)
===================================
Comparing to photon_5x5
- beats xtime_enc: 45 vs 52
