xor_enc: 35
xtime_enc: 55
=========
xor_dec: 100
xtime_dec: 160
=========
xor_sum: 135
xtime_sum: 215
mat:
GF([[ 1,  9, 10,  5,  8],
    [ 8,  1,  9, 10,  5],
    [ 5,  8,  1,  9, 10],
    [10,  5,  8,  1,  9],
    [ 9, 10,  5,  8,  1]], order=2^8)
inv:
GF([[106, 186, 162, 159,  42],
    [ 42, 106, 186, 162, 159],
    [159,  42, 106, 186, 162],
    [162, 159,  42, 106, 186],
    [186, 162, 159,  42, 106]], order=2^8)
===================================
Comparing to photon_5x5
- beats xor_enc: 35 vs 44
