xor_enc: 45
xtime_enc: 50
=========
xor_dec: 125
xtime_dec: 165
=========
xor_sum: 170
xtime_sum: 215
mat:
GF([[ 1,  5, 10,  7, 10],
    [10,  1,  5, 10,  7],
    [ 7, 10,  1,  5, 10],
    [10,  7, 10,  1,  5],
    [ 5, 10,  7, 10,  1]], order=2^8)
inv:
GF([[254, 101, 109, 241, 241],
    [241, 254, 101, 109, 241],
    [241, 241, 254, 101, 109],
    [109, 241, 241, 254, 101],
    [101, 109, 241, 241, 254]], order=2^8)
===================================
Comparing to photon_5x5
- beats xtime_enc: 50 vs 52
