xor_enc: 40
xtime_enc: 60
=========
xor_dec: 65
xtime_dec: 140
=========
xor_sum: 105
xtime_sum: 200
mat:
GF([[ 2,  8,  7, 10, 10],
    [10,  2,  8,  7, 10],
    [10, 10,  2,  8,  7],
    [ 7, 10, 10,  2,  8],
    [ 8,  7, 10, 10,  2]], order=2^8)
inv:
GF([[ 17,  13, 164, 217, 128],
    [128,  17,  13, 164, 217],
    [217, 128,  17,  13, 164],
    [164, 217, 128,  17,  13],
    [ 13, 164, 217, 128,  17]], order=2^8)
===================================
Comparing to photon_5x5
- beats xor_enc: 40 vs 44
