xor_enc: 45
xtime_enc: 50
=========
xor_dec: 120
xtime_dec: 160
=========
xor_sum: 165
xtime_sum: 210
mat:
GF([[ 2,  5,  7,  6, 10],
    [10,  2,  5,  7,  6],
    [ 6, 10,  2,  5,  7],
    [ 7,  6, 10,  2,  5],
    [ 5,  7,  6, 10,  2]], order=2^8)
inv:
GF([[150, 251, 145,  55, 123],
    [123, 150, 251, 145,  55],
    [ 55, 123, 150, 251, 145],
    [145,  55, 123, 150, 251],
    [251, 145,  55, 123, 150]], order=2^8)
===================================
Comparing to photon_5x5
- beats xtime_enc: 50 vs 52
