xor_enc: 45
xtime_enc: 45
=========
xor_dec: 100
xtime_dec: 165
=========
xor_sum: 145
xtime_sum: 210
mat:
GF([[ 1,  7, 10,  4,  7],
    [ 7,  1,  7, 10,  4],
    [ 4,  7,  1,  7, 10],
    [10,  4,  7,  1,  7],
    [ 7, 10,  4,  7,  1]], order=2^8)
inv:
GF([[ 86, 242, 149, 151,  97],
    [ 97,  86, 242, 149, 151],
    [151,  97,  86, 242, 149],
    [149, 151,  97,  86, 242],
    [242, 149, 151,  97,  86]], order=2^8)
===================================
Comparing to photon_5x5
- beats xtime_enc: 45 vs 52
