xor_enc: 35
xtime_enc: 55
=========
xor_dec: 105
xtime_dec: 155
=========
xor_sum: 140
xtime_sum: 210
mat:
GF([[ 2,  7,  4,  8, 10],
    [10,  2,  7,  4,  8],
    [ 8, 10,  2,  7,  4],
    [ 4,  8, 10,  2,  7],
    [ 7,  4,  8, 10,  2]], order=2^8)
inv:
GF([[ 74, 219,  22, 203, 186],
    [186,  74, 219,  22, 203],
    [203, 186,  74, 219,  22],
    [ 22, 203, 186,  74, 219],
    [219,  22, 203, 186,  74]], order=2^8)
===================================
Comparing to photon_5x5
- beats xor_enc: 35 vs 44
