xor_enc: 30
xtime_enc: 60
=========
xor_dec: 90
xtime_dec: 105
=========
xor_sum: 120
xtime_sum: 165
mat:
GF([[ 2,  4, 10, 10,  8],
    [ 8,  2,  4, 10, 10],
    [10,  8,  2,  4, 10],
    [10, 10,  8,  2,  4],
    [ 4, 10, 10,  8,  2]], order=2^8)
inv:
GF([[  6, 206,  91, 119,   1],
    [  1,   6, 206,  91, 119],
    [119,   1,   6, 206,  91],
    [ 91, 119,   1,   6, 206],
    [206,  91, 119,   1,   6]], order=2^8)
===================================
Comparing to photon_5x5
- beats xor_enc: 30 vs 44
