xor_enc: 35
xtime_enc: 55
=========
xor_dec: 80
xtime_dec: 160
=========
xor_sum: 115
xtime_sum: 215
mat:
GF([[ 1,  9,  9,  4, 10],
    [10,  1,  9,  9,  4],
    [ 4, 10,  1,  9,  9],
    [ 9,  4, 10,  1,  9],
    [ 9,  9,  4, 10,  1]], order=2^8)
inv:
GF([[224,  53, 193,  71, 148],
    [148, 224,  53, 193,  71],
    [ 71, 148, 224,  53, 193],
    [193,  71, 148, 224,  53],
    [ 53, 193,  71, 148, 224]], order=2^8)
===================================
Comparing to photon_5x5
- beats xor_enc: 35 vs 44
