xor_enc: 35
xtime_enc: 65
=========
xor_dec: 125
xtime_dec: 160
=========
xor_sum: 160
xtime_sum: 225
mat:
GF([[ 2,  8,  9, 10, 10],
    [10,  2,  8,  9, 10],
    [10, 10,  2,  8,  9],
    [ 9, 10, 10,  2,  8],
    [ 8,  9, 10, 10,  2]], order=2^8)
inv:
GF([[123, 185, 215,  47, 204],
    [204, 123, 185, 215,  47],
    [ 47, 204, 123, 185, 215],
    [215,  47, 204, 123, 185],
    [185, 215,  47, 204, 123]], order=2^8)
===================================
Comparing to photon_5x5
- beats xor_enc: 35 vs 44
