xor_enc: 35
xtime_enc: 60
=========
xor_dec: 100
xtime_dec: 150
=========
xor_sum: 135
xtime_sum: 210
mat:
GF([[ 2,  6,  8,  9, 10],
    [10,  2,  6,  8,  9],
    [ 9, 10,  2,  6,  8],
    [ 8,  9, 10,  2,  6],
    [ 6,  8,  9, 10,  2]], order=2^8)
inv:
GF([[186,  29, 164, 245,  49],
    [ 49, 186,  29, 164, 245],
    [245,  49, 186,  29, 164],
    [164, 245,  49, 186,  29],
    [ 29, 164, 245,  49, 186]], order=2^8)
===================================
Comparing to photon_5x5
- beats xor_enc: 35 vs 44
