xor_enc: 35
xtime_enc: 55
=========
xor_dec: 140
xtime_dec: 175
=========
xor_sum: 175
xtime_sum: 230
mat:
GF([[ 1,  6,  8, 10,  9],
    [ 9,  1,  6,  8, 10],
    [10,  9,  1,  6,  8],
    [ 8, 10,  9,  1,  6],
    [ 6,  8, 10,  9,  1]], order=2^8)
inv:
GF([[221, 151, 187, 175, 238],
    [238, 221, 151, 187, 175],
    [175, 238, 221, 151, 187],
    [187, 175, 238, 221, 151],
    [151, 187, 175, 238, 221]], order=2^8)
===================================
Comparing to photon_5x5
- beats xor_enc: 35 vs 44
