xor_enc: 30
xtime_enc: 55
=========
xor_dec: 110
xtime_dec: 155
=========
xor_sum: 140
xtime_sum: 210
mat:
GF([[ 1, 10,  4,  9,  8],
    [ 8,  1, 10,  4,  9],
    [ 9,  8,  1, 10,  4],
    [ 4,  9,  8,  1, 10],
    [10,  4,  9,  8,  1]], order=2^8)
inv:
GF([[ 45, 133, 171, 221,  59],
    [ 59,  45, 133, 171, 221],
    [221,  59,  45, 133, 171],
    [171, 221,  59,  45, 133],
    [133, 171, 221,  59,  45]], order=2^8)
===================================
Comparing to photon_5x5
- beats xor_enc: 30 vs 44
