xor_enc: 45
xtime_enc: 45
=========
xor_dec: 110
xtime_dec: 130
=========
xor_sum: 155
xtime_sum: 175
mat:
GF([[ 1, 10,  7,  3, 10],
    [10,  1, 10,  7,  3],
    [ 3, 10,  1, 10,  7],
    [ 7,  3, 10,  1, 10],
    [10,  7,  3, 10,  1]], order=2^8)
inv:
GF([[ 95, 182,   1, 119, 205],
    [205,  95, 182,   1, 119],
    [119, 205,  95, 182,   1],
    [  1, 119, 205,  95, 182],
    [182,   1, 119, 205,  95]], order=2^8)
===================================
Comparing to photon_5x5
- beats xtime_enc: 45 vs 52
