xor_enc: 45
xtime_enc: 40
=========
xor_dec: 80
xtime_dec: 145
=========
xor_sum: 125
xtime_sum: 185
mat:
GF([[ 1,  6,  7, 10,  3],
    [ 3,  1,  6,  7, 10],
    [10,  3,  1,  6,  7],
    [ 7, 10,  3,  1,  6],
    [ 6,  7, 10,  3,  1]], order=2^8)
inv:
GF([[ 48, 187,  52,  34, 210],
    [210,  48, 187,  52,  34],
    [ 34, 210,  48, 187,  52],
    [ 52,  34, 210,  48, 187],
    [187,  52,  34, 210,  48]], order=2^8)
===================================
Comparing to photon_5x5
- beats xtime_enc: 40 vs 52
