xor_enc: 40
xtime_enc: 55
=========
xor_dec: 85
xtime_dec: 155
=========
xor_sum: 125
xtime_sum: 210
mat:
GF([[ 2,  8, 10,  5,  7],
    [ 7,  2,  8, 10,  5],
    [ 5,  7,  2,  8, 10],
    [10,  5,  7,  2,  8],
    [ 8, 10,  5,  7,  2]], order=2^8)
inv:
GF([[194, 225,  18,  97, 221],
    [221, 194, 225,  18,  97],
    [ 97, 221, 194, 225,  18],
    [ 18,  97, 221, 194, 225],
    [225,  18,  97, 221, 194]], order=2^8)
===================================
Comparing to photon_5x5
- beats xor_enc: 40 vs 44
