xor_enc: 35
xtime_enc: 55
=========
xor_dec: 90
xtime_dec: 165
=========
xor_sum: 125
xtime_sum: 220
mat:
GF([[ 1, 10,  6, 10,  8],
    [ 8,  1, 10,  6, 10],
    [10,  8,  1, 10,  6],
    [ 6, 10,  8,  1, 10],
    [10,  6, 10,  8,  1]], order=2^8)
inv:
GF([[124, 162,  90, 225, 162],
    [162, 124, 162,  90, 225],
    [225, 162, 124, 162,  90],
    [ 90, 225, 162, 124, 162],
    [162,  90, 225, 162, 124]], order=2^8)
===================================
Comparing to photon_5x5
- beats xor_enc: 35 vs 44
