xor_enc: 40
xtime_enc: 55
=========
xor_dec: 65
xtime_dec: 165
=========
xor_sum: 105
xtime_sum: 220
mat:
GF([[ 2, 10,  6,  5,  9],
    [ 9,  2, 10,  6,  5],
    [ 5,  9,  2, 10,  6],
    [ 6,  5,  9,  2, 10],
    [10,  6,  5,  9,  2]], order=2^8)
inv:
GF([[131,  72, 136,  69, 139],
    [139, 131,  72, 136,  69],
    [ 69, 139, 131,  72, 136],
    [136,  69, 139, 131,  72],
    [ 72, 136,  69, 139, 131]], order=2^8)
===================================
Comparing to photon_5x5
- beats xor_enc: 40 vs 44
