xor_enc: 45
xtime_enc: 40
=========
xor_dec: 100
xtime_dec: 160
=========
xor_sum: 145
xtime_sum: 200
mat:
GF([[ 1,  3,  7, 10,  5],
    [ 5,  1,  3,  7, 10],
    [10,  5,  1,  3,  7],
    [ 7, 10,  5,  1,  3],
    [ 3,  7, 10,  5,  1]], order=2^8)
inv:
GF([[203, 102, 126,  64, 186],
    [186, 203, 102, 126,  64],
    [ 64, 186, 203, 102, 126],
    [126,  64, 186, 203, 102],
    [102, 126,  64, 186, 203]], order=2^8)
===================================
Comparing to photon_5x5
- beats xtime_enc: 40 vs 52
