xor_enc: 30
xtime_enc: 60
=========
xor_dec: 75
xtime_dec: 150
=========
xor_sum: 105
xtime_sum: 210
mat:
GF([[ 1,  8,  8, 10,  9],
    [ 9,  1,  8,  8, 10],
    [10,  9,  1,  8,  8],
    [ 8, 10,  9,  1,  8],
    [ 8,  8, 10,  9,  1]], order=2^8)
inv:
GF([[ 20, 130, 148,  55, 184],
    [184,  20, 130, 148,  55],
    [ 55, 184,  20, 130, 148],
    [148,  55, 184,  20, 130],
    [130, 148,  55, 184,  20]], order=2^8)
===================================
Comparing to photon_5x5
- beats xor_enc: 30 vs 44
