xor_enc: 35
xtime_enc: 60
=========
xor_dec: 110
xtime_dec: 155
=========
xor_sum: 145
xtime_sum: 215
mat:
GF([[ 2,  8, 10,  5, 10],
    [10,  2,  8, 10,  5],
    [ 5, 10,  2,  8, 10],
    [10,  5, 10,  2,  8],
    [ 8, 10,  5, 10,  2]], order=2^8)
inv:
GF([[186,  21, 231,  87, 216],
    [216, 186,  21, 231,  87],
    [ 87, 216, 186,  21, 231],
    [231,  87, 216, 186,  21],
    [ 21, 231,  87, 216, 186]], order=2^8)
===================================
Comparing to photon_5x5
- beats xor_enc: 35 vs 44
