xor_enc: 30
xtime_enc: 55
=========
xor_dec: 115
xtime_dec: 165
=========
xor_sum: 145
xtime_sum: 220
mat:
GF([[ 1,  4, 10,  8, 10],
    [10,  1,  4, 10,  8],
    [ 8, 10,  1,  4, 10],
    [10,  8, 10,  1,  4],
    [ 4, 10,  8, 10,  1]], order=2^8)
inv:
GF([[249, 184, 121, 163, 122],
    [122, 249, 184, 121, 163],
    [163, 122, 249, 184, 121],
    [121, 163, 122, 249, 184],
    [184, 121, 163, 122, 249]], order=2^8)
===================================
Comparing to photon_5x5
- beats xor_enc: 30 vs 44
