xor_enc: 40
xtime_enc: 60
=========
xor_dec: 100
xtime_dec: 135
=========
xor_sum: 140
xtime_sum: 195
mat:
GF([[ 2, 10,  9, 10,  5],
    [ 5,  2, 10,  9, 10],
    [10,  5,  2, 10,  9],
    [ 9, 10,  5,  2, 10],
    [10,  9, 10,  5,  2]], order=2^8)
inv:
GF([[119, 221,   8, 105,  46],
    [ 46, 119, 221,   8, 105],
    [105,  46, 119, 221,   8],
    [  8, 105,  46, 119, 221],
    [221,   8, 105,  46, 119]], order=2^8)
===================================
Comparing to photon_5x5
- beats xor_enc: 40 vs 44
