xor_enc: 30
xtime_enc: 55
=========
xor_dec: 80
xtime_dec: 145
=========
xor_sum: 110
xtime_sum: 200
mat:
GF([[ 1,  4,  9, 10,  8],
    [ 8,  1,  4,  9, 10],
    [10,  8,  1,  4,  9],
    [ 9, 10,  8,  1,  4],
    [ 4,  9, 10,  8,  1]], order=2^8)
inv:
GF([[133, 227,  46,   8, 165],
    [165, 133, 227,  46,   8],
    [  8, 165, 133, 227,  46],
    [ 46,   8, 165, 133, 227],
    [227,  46,   8, 165, 133]], order=2^8)
===================================
Comparing to photon_5x5
- beats xor_enc: 30 vs 44
