xor_enc: 35
xtime_enc: 60
=========
xor_dec: 110
xtime_dec: 150
=========
xor_sum: 145
xtime_sum: 210
mat:
GF([[ 2,  5,  9,  8, 10],
    [10,  2,  5,  9,  8],
    [ 8, 10,  2,  5,  9],
    [ 9,  8, 10,  2,  5],
    [ 5,  9,  8, 10,  2]], order=2^8)
inv:
GF([[231,  27, 197,  46, 167],
    [167, 231,  27, 197,  46],
    [ 46, 167, 231,  27, 197],
    [197,  46, 167, 231,  27],
    [ 27, 197,  46, 167, 231]], order=2^8)
===================================
Comparing to photon_5x5
- beats xor_enc: 35 vs 44
