xor_enc: 40
xtime_enc: 55
=========
xor_dec: 110
xtime_dec: 145
=========
xor_sum: 150
xtime_sum: 200
mat:
GF([[ 1, 10,  9,  6, 10],
    [10,  1, 10,  9,  6],
    [ 6, 10,  1, 10,  9],
    [ 9,  6, 10,  1, 10],
    [10,  9,  6, 10,  1]], order=2^8)
inv:
GF([[149,   5, 191, 116, 190],
    [190, 149,   5, 191, 116],
    [116, 190, 149,   5, 191],
    [191, 116, 190, 149,   5],
    [  5, 191, 116, 190, 149]], order=2^8)
===================================
Comparing to photon_5x5
- beats xor_enc: 40 vs 44
