xor_enc: 30
xtime_enc: 55
=========
xor_dec: 80
xtime_dec: 150
=========
xor_sum: 110
xtime_sum: 205
mat:
GF([[ 1,  9,  4,  8, 10],
    [10,  1,  9,  4,  8],
    [ 8, 10,  1,  9,  4],
    [ 4,  8, 10,  1,  9],
    [ 9,  4,  8, 10,  1]], order=2^8)
inv:
GF([[177, 162, 179,  77,   8],
    [  8, 177, 162, 179,  77],
    [ 77,   8, 177, 162, 179],
    [179,  77,   8, 177, 162],
    [162, 179,  77,   8, 177]], order=2^8)
===================================
Comparing to photon_5x5
- beats xor_enc: 30 vs 44
