xor_enc: 35
xtime_enc: 55
=========
xor_dec: 100
xtime_dec: 145
=========
xor_sum: 135
xtime_sum: 200
mat:
GF([[ 2, 10,  8,  3, 10],
    [10,  2, 10,  8,  3],
    [ 3, 10,  2, 10,  8],
    [ 8,  3, 10,  2, 10],
    [10,  8,  3, 10,  2]], order=2^8)
inv:
GF([[179, 111,  89, 193,  11],
    [ 11, 179, 111,  89, 193],
    [193,  11, 179, 111,  89],
    [ 89, 193,  11, 179, 111],
    [111,  89, 193,  11, 179]], order=2^8)
===================================
Comparing to photon_5x5
- beats xor_enc: 35 vs 44
