xor_enc: 45
xtime_enc: 45
=========
xor_dec: 70
xtime_dec: 130
=========
xor_sum: 115
xtime_sum: 175
mat:
GF([[ 2, 10,  6,  7,  3],
    [ 3,  2, 10,  6,  7],
    [ 7,  3,  2, 10,  6],
    [ 6,  7,  3,  2, 10],
    [10,  6,  7,  3,  2]], order=2^8)
inv:
GF([[223,  50,  68, 130,   2],
    [  2, 223,  50,  68, 130],
    [130,   2, 223,  50,  68],
    [ 68, 130,   2, 223,  50],
    [ 50,  68, 130,   2, 223]], order=2^8)
===================================
Comparing to photon_5x5
- beats xtime_enc: 45 vs 52
