xor_enc: 45
xtime_enc: 45
=========
xor_dec: 70
xtime_dec: 135
=========
xor_sum: 115
xtime_sum: 180
mat:
GF([[ 2, 10,  6,  3,  7],
    [ 7,  2, 10,  6,  3],
    [ 3,  7,  2, 10,  6],
    [ 6,  3,  7,  2, 10],
    [10,  6,  3,  7,  2]], order=2^8)
inv:
GF([[166, 209, 104,   6,  48],
    [ 48, 166, 209, 104,   6],
    [  6,  48, 166, 209, 104],
    [104,   6,  48, 166, 209],
    [209, 104,   6,  48, 166]], order=2^8)
===================================
Comparing to photon_5x5
- beats xtime_enc: 45 vs 52
