xor_enc: 40
xtime_enc: 60
=========
xor_dec: 85
xtime_dec: 135
=========
xor_sum: 125
xtime_sum: 195
mat:
GF([[ 2, 10,  7,  8, 10],
    [10,  2, 10,  7,  8],
    [ 8, 10,  2, 10,  7],
    [ 7,  8, 10,  2, 10],
    [10,  7,  8, 10,  2]], order=2^8)
inv:
GF([[  9, 246, 194,  14, 210],
    [210,   9, 246, 194,  14],
    [ 14, 210,   9, 246, 194],
    [194,  14, 210,   9, 246],
    [246, 194,  14, 210,   9]], order=2^8)
===================================
Comparing to photon_5x5
- beats xor_enc: 40 vs 44
