xor_enc: 40
xtime_enc: 55
=========
xor_dec: 105
xtime_dec: 150
=========
xor_sum: 145
xtime_sum: 205
mat:
GF([[ 2,  7,  4,  9, 10],
    [10,  2,  7,  4,  9],
    [ 9, 10,  2,  7,  4],
    [ 4,  9, 10,  2,  7],
    [ 7,  4,  9, 10,  2]], order=2^8)
inv:
GF([[113,  53, 197, 103, 107],
    [107, 113,  53, 197, 103],
    [103, 107, 113,  53, 197],
    [197, 103, 107, 113,  53],
    [ 53, 197, 103, 107, 113]], order=2^8)
===================================
Comparing to photon_5x5
- beats xor_enc: 40 vs 44
