xor_enc: 45
xtime_enc: 50
=========
xor_dec: 90
xtime_dec: 145
=========
xor_sum: 135
xtime_sum: 195
mat:
GF([[ 3,  3, 10,  9,  6],
    [ 6,  3,  3, 10,  9],
    [ 9,  6,  3,  3, 10],
    [10,  9,  6,  3,  3],
    [ 3, 10,  9,  6,  3]], order=2^8)
inv:
GF([[ 27, 205,  33, 103, 194],
    [194,  27, 205,  33, 103],
    [103, 194,  27, 205,  33],
    [ 33, 103, 194,  27, 205],
    [205,  33, 103, 194,  27]], order=2^8)
===================================
Comparing to photon_5x5
- beats xtime_enc: 50 vs 52
