xor_enc: 40
xtime_enc: 55
=========
xor_dec: 90
xtime_dec: 175
=========
xor_sum: 130
xtime_sum: 230
mat:
GF([[ 1,  9,  6, 10, 10],
    [10,  1,  9,  6, 10],
    [10, 10,  1,  9,  6],
    [ 6, 10, 10,  1,  9],
    [ 9,  6, 10, 10,  1]], order=2^8)
inv:
GF([[229, 128, 173, 236, 193],
    [193, 229, 128, 173, 236],
    [236, 193, 229, 128, 173],
    [173, 236, 193, 229, 128],
    [128, 173, 236, 193, 229]], order=2^8)
===================================
Comparing to photon_5x5
- beats xor_enc: 40 vs 44
