xor_enc: 35
xtime_enc: 60
=========
xor_dec: 125
xtime_dec: 160
=========
xor_sum: 160
xtime_sum: 220
mat:
GF([[ 1,  9, 10,  8,  9],
    [ 9,  1,  9, 10,  8],
    [ 8,  9,  1,  9, 10],
    [10,  8,  9,  1,  9],
    [ 9, 10,  8,  9,  1]], order=2^8)
inv:
GF([[229, 237, 142,  95,  47],
    [ 47, 229, 237, 142,  95],
    [ 95,  47, 229, 237, 142],
    [142,  95,  47, 229, 237],
    [237, 142,  95,  47, 229]], order=2^8)
===================================
Comparing to photon_5x5
- beats xor_enc: 35 vs 44
