xor_enc: 35
xtime_enc: 60
=========
xor_dec: 100
xtime_dec: 160
=========
xor_sum: 135
xtime_sum: 220
mat:
GF([[ 2,  8,  9,  5, 10],
    [10,  2,  8,  9,  5],
    [ 5, 10,  2,  8,  9],
    [ 9,  5, 10,  2,  8],
    [ 8,  9,  5, 10,  2]], order=2^8)
inv:
GF([[176, 251, 176,  38, 109],
    [109, 176, 251, 176,  38],
    [ 38, 109, 176, 251, 176],
    [176,  38, 109, 176, 251],
    [251, 176,  38, 109, 176]], order=2^8)
===================================
Comparing to photon_5x5
- beats xor_enc: 35 vs 44
