xor_enc: 35
xtime_enc: 55
=========
xor_dec: 70
xtime_dec: 115
=========
xor_sum: 105
xtime_sum: 170
mat:
GF([[ 2,  8,  3,  9, 10],
    [10,  2,  8,  3,  9],
    [ 9, 10,  2,  8,  3],
    [ 3,  9, 10,  2,  8],
    [ 8,  3,  9, 10,  2]], order=2^8)
inv:
GF([[  5, 169,  10, 156,  19],
    [ 19,   5, 169,  10, 156],
    [156,  19,   5, 169,  10],
    [ 10, 156,  19,   5, 169],
    [169,  10, 156,  19,   5]], order=2^8)
===================================
Comparing to photon_5x5
- beats xor_enc: 35 vs 44
