xor_enc: 40
xtime_enc: 55
=========
xor_dec: 115
xtime_dec: 175
=========
xor_sum: 155
xtime_sum: 230
mat:
GF([[ 1, 10,  7,  8,  9],
    [ 9,  1, 10,  7,  8],
    [ 8,  9,  1, 10,  7],
    [ 7,  8,  9,  1, 10],
    [10,  7,  8,  9,  1]], order=2^8)
inv:
GF([[174, 233, 242, 195, 151],
    [151, 174, 233, 242, 195],
    [195, 151, 174, 233, 242],
    [242, 195, 151, 174, 233],
    [233, 242, 195, 151, 174]], order=2^8)
===================================
Comparing to photon_5x5
- beats xor_enc: 40 vs 44
