xor_enc: 50
xtime_enc: 50
=========
xor_dec: 75
xtime_dec: 125
=========
xor_sum: 125
xtime_sum: 175
mat:
GF([[ 2,  7,  7,  5, 10],
    [10,  2,  7,  7,  5],
    [ 5, 10,  2,  7,  7],
    [ 7,  5, 10,  2,  7],
    [ 7,  7,  5, 10,  2]], order=2^8)
inv:
GF([[118,   4, 133,  51,  37],
    [ 37, 118,   4, 133,  51],
    [ 51,  37, 118,   4, 133],
    [133,  51,  37, 118,   4],
    [  4, 133,  51,  37, 118]], order=2^8)
===================================
Comparing to photon_5x5
- beats xtime_enc: 50 vs 52
