xor_enc: 40
xtime_enc: 55
=========
xor_dec: 85
xtime_dec: 155
=========
xor_sum: 125
xtime_sum: 210
mat:
GF([[ 2,  7,  8,  5, 10],
    [10,  2,  7,  8,  5],
    [ 5, 10,  2,  7,  8],
    [ 8,  5, 10,  2,  7],
    [ 7,  8,  5, 10,  2]], order=2^8)
inv:
GF([[ 28,  77, 176, 216, 180],
    [180,  28,  77, 176, 216],
    [216, 180,  28,  77, 176],
    [176, 216, 180,  28,  77],
    [ 77, 176, 216, 180,  28]], order=2^8)
===================================
Comparing to photon_5x5
- beats xor_enc: 40 vs 44
