xor_enc: 40
xtime_enc: 55
=========
xor_dec: 75
xtime_dec: 125
=========
xor_sum: 115
xtime_sum: 180
mat:
GF([[ 2,  4,  9,  7, 10],
    [10,  2,  4,  9,  7],
    [ 7, 10,  2,  4,  9],
    [ 9,  7, 10,  2,  4],
    [ 4,  9,  7, 10,  2]], order=2^8)
inv:
GF([[  5,  53,  82, 205,  34],
    [ 34,   5,  53,  82, 205],
    [205,  34,   5,  53,  82],
    [ 82, 205,  34,   5,  53],
    [ 53,  82, 205,  34,   5]], order=2^8)
===================================
Comparing to photon_5x5
- beats xor_enc: 40 vs 44
