xor_enc: 40
xtime_enc: 55
=========
xor_dec: 95
xtime_dec: 155
=========
xor_sum: 135
xtime_sum: 210
mat:
GF([[ 3,  2,  9, 10,  9],
    [ 9,  3,  2,  9, 10],
    [10,  9,  3,  2,  9],
    [ 9, 10,  9,  3,  2],
    [ 2,  9, 10,  9,  3]], order=2^8)
inv:
GF([[227,  18, 154, 206, 101],
    [101, 227,  18, 154, 206],
    [206, 101, 227,  18, 154],
    [154, 206, 101, 227,  18],
    [ 18, 154, 206, 101, 227]], order=2^8)
===================================
Comparing to photon_5x5
- beats xor_enc: 40 vs 44
