xor_enc: 45
xtime_enc: 40
=========
xor_dec: 100
xtime_dec: 160
=========
xor_sum: 145
xtime_sum: 200
mat:
GF([[ 1, 10,  3,  5,  7],
    [ 7,  1, 10,  3,  5],
    [ 5,  7,  1, 10,  3],
    [ 3,  5,  7,  1, 10],
    [10,  3,  5,  7,  1]], order=2^8)
inv:
GF([[203,  64, 102, 186, 126],
    [126, 203,  64, 102, 186],
    [186, 126, 203,  64, 102],
    [102, 186, 126, 203,  64],
    [ 64, 102, 186, 126, 203]], order=2^8)
===================================
Comparing to photon_5x5
- beats xtime_enc: 40 vs 52
