xor_enc: 50
xtime_enc: 45
=========
xor_dec: 85
xtime_dec: 140
=========
xor_sum: 135
xtime_sum: 185
mat:
GF([[ 3,  3,  7, 10,  6],
    [ 6,  3,  3,  7, 10],
    [10,  6,  3,  3,  7],
    [ 7, 10,  6,  3,  3],
    [ 3,  7, 10,  6,  3]], order=2^8)
inv:
GF([[147, 143, 193,  19,  14],
    [ 14, 147, 143, 193,  19],
    [ 19,  14, 147, 143, 193],
    [193,  19,  14, 147, 143],
    [143, 193,  19,  14, 147]], order=2^8)
===================================
Comparing to photon_5x5
- beats xtime_enc: 45 vs 52
