xor_enc: 35
xtime_enc: 55
=========
xor_dec: 70
xtime_dec: 135
=========
xor_sum: 105
xtime_sum: 190
mat:
GF([[ 1,  4, 10,  9, 10],
    [10,  1,  4, 10,  9],
    [ 9, 10,  1,  4, 10],
    [10,  9, 10,  1,  4],
    [ 4, 10,  9, 10,  1]], order=2^8)
inv:
GF([[ 16, 126, 141,  17,  66],
    [ 66,  16, 126, 141,  17],
    [ 17,  66,  16, 126, 141],
    [141,  17,  66,  16, 126],
    [126, 141,  17,  66,  16]], order=2^8)
===================================
Comparing to photon_5x5
- beats xor_enc: 35 vs 44
