xor_enc: 30
xtime_enc: 55
=========
xor_dec: 105
xtime_dec: 155
=========
xor_sum: 135
xtime_sum: 210
mat:
GF([[ 2,  3, 10,  8,  8],
    [ 8,  2,  3, 10,  8],
    [ 8,  8,  2,  3, 10],
    [10,  8,  8,  2,  3],
    [ 3, 10,  8,  8,  2]], order=2^8)
inv:
GF([[193, 233, 191,  31,  72],
    [ 72, 193, 233, 191,  31],
    [ 31,  72, 193, 233, 191],
    [191,  31,  72, 193, 233],
    [233, 191,  31,  72, 193]], order=2^8)
===================================
Comparing to photon_5x5
- beats xor_enc: 30 vs 44
