xor_enc: 35
xtime_enc: 55
=========
xor_dec: 70
xtime_dec: 165
=========
xor_sum: 105
xtime_sum: 220
mat:
GF([[ 1,  8,  9, 10,  6],
    [ 6,  1,  8,  9, 10],
    [10,  6,  1,  8,  9],
    [ 9, 10,  6,  1,  8],
    [ 8,  9, 10,  6,  1]], order=2^8)
inv:
GF([[192,  80,  68, 169, 205],
    [205, 192,  80,  68, 169],
    [169, 205, 192,  80,  68],
    [ 68, 169, 205, 192,  80],
    [ 80,  68, 169, 205, 192]], order=2^8)
===================================
Comparing to photon_5x5
- beats xor_enc: 35 vs 44
