xor_enc: 45
xtime_enc: 50
=========
xor_dec: 125
xtime_dec: 165
=========
xor_sum: 170
xtime_sum: 215
mat:
GF([[ 1,  9,  6,  7, 10],
    [10,  1,  9,  6,  7],
    [ 7, 10,  1,  9,  6],
    [ 6,  7, 10,  1,  9],
    [ 9,  6,  7, 10,  1]], order=2^8)
inv:
GF([[233, 157, 123,  94, 167],
    [167, 233, 157, 123,  94],
    [ 94, 167, 233, 157, 123],
    [123,  94, 167, 233, 157],
    [157, 123,  94, 167, 233]], order=2^8)
===================================
Comparing to photon_5x5
- beats xtime_enc: 50 vs 52
