xor_enc: 30
xtime_enc: 60
=========
xor_dec: 125
xtime_dec: 155
=========
xor_sum: 155
xtime_sum: 215
mat:
GF([[ 2,  8,  4,  9, 10],
    [10,  2,  8,  4,  9],
    [ 9, 10,  2,  8,  4],
    [ 4,  9, 10,  2,  8],
    [ 8,  4,  9, 10,  2]], order=2^8)
inv:
GF([[ 33, 255, 211,  59, 215],
    [215,  33, 255, 211,  59],
    [ 59, 215,  33, 255, 211],
    [211,  59, 215,  33, 255],
    [255, 211,  59, 215,  33]], order=2^8)
===================================
Comparing to photon_5x5
- beats xor_enc: 30 vs 44
