xor_enc: 40
xtime_enc: 55
=========
xor_dec: 115
xtime_dec: 175
=========
xor_sum: 155
xtime_sum: 230
mat:
GF([[ 1,  9,  8,  7, 10],
    [10,  1,  9,  8,  7],
    [ 7, 10,  1,  9,  8],
    [ 8,  7, 10,  1,  9],
    [ 9,  8,  7, 10,  1]], order=2^8)
inv:
GF([[174, 151, 195, 242, 233],
    [233, 174, 151, 195, 242],
    [242, 233, 174, 151, 195],
    [195, 242, 233, 174, 151],
    [151, 195, 242, 233, 174]], order=2^8)
===================================
Comparing to photon_5x5
- beats xor_enc: 40 vs 44
