xor_enc: 40
xtime_enc: 55
=========
xor_dec: 90
xtime_dec: 150
=========
xor_sum: 130
xtime_sum: 205
mat:
GF([[ 2,  9,  5, 10,  5],
    [ 5,  2,  9,  5, 10],
    [10,  5,  2,  9,  5],
    [ 5, 10,  5,  2,  9],
    [ 9,  5, 10,  5,  2]], order=2^8)
inv:
GF([[225, 107,  16, 213,  78],
    [ 78, 225, 107,  16, 213],
    [213,  78, 225, 107,  16],
    [ 16, 213,  78, 225, 107],
    [107,  16, 213,  78, 225]], order=2^8)
===================================
Comparing to photon_5x5
- beats xor_enc: 40 vs 44
