xor_enc: 40
xtime_enc: 55
=========
xor_dec: 95
xtime_dec: 165
=========
xor_sum: 135
xtime_sum: 220
mat:
GF([[ 2,  5, 10,  6,  9],
    [ 9,  2,  5, 10,  6],
    [ 6,  9,  2,  5, 10],
    [10,  6,  9,  2,  5],
    [ 5, 10,  6,  9,  2]], order=2^8)
inv:
GF([[ 65, 155, 183, 172,  76],
    [ 76,  65, 155, 183, 172],
    [172,  76,  65, 155, 183],
    [183, 172,  76,  65, 155],
    [155, 183, 172,  76,  65]], order=2^8)
===================================
Comparing to photon_5x5
- beats xor_enc: 40 vs 44
