xor_enc: 40
xtime_enc: 55
=========
xor_dec: 85
xtime_dec: 155
=========
xor_sum: 125
xtime_sum: 210
mat:
GF([[ 2,  5,  7, 10,  8],
    [ 8,  2,  5,  7, 10],
    [10,  8,  2,  5,  7],
    [ 7, 10,  8,  2,  5],
    [ 5,  7, 10,  8,  2]], order=2^8)
inv:
GF([[ 28, 216,  77, 180, 176],
    [176,  28, 216,  77, 180],
    [180, 176,  28, 216,  77],
    [ 77, 180, 176,  28, 216],
    [216,  77, 180, 176,  28]], order=2^8)
===================================
Comparing to photon_5x5
- beats xor_enc: 40 vs 44
