xor_enc: 45
xtime_enc: 50
=========
xor_dec: 105
xtime_dec: 160
=========
xor_sum: 150
xtime_sum: 210
mat:
GF([[ 1, 10,  9,  7,  6],
    [ 6,  1, 10,  9,  7],
    [ 7,  6,  1, 10,  9],
    [ 9,  7,  6,  1, 10],
    [10,  9,  7,  6,  1]], order=2^8)
inv:
GF([[186, 117, 162,  60, 167],
    [167, 186, 117, 162,  60],
    [ 60, 167, 186, 117, 162],
    [162,  60, 167, 186, 117],
    [117, 162,  60, 167, 186]], order=2^8)
===================================
Comparing to photon_5x5
- beats xtime_enc: 50 vs 52
