xor_enc: 45
xtime_enc: 50
=========
xor_dec: 100
xtime_dec: 125
=========
xor_sum: 145
xtime_sum: 175
mat:
GF([[ 2,  3,  9, 10,  7],
    [ 7,  2,  3,  9, 10],
    [10,  7,  2,  3,  9],
    [ 9, 10,  7,  2,  3],
    [ 3,  9, 10,  7,  2]], order=2^8)
inv:
GF([[ 22,  62, 113,  55,  60],
    [ 60,  22,  62, 113,  55],
    [ 55,  60,  22,  62, 113],
    [113,  55,  60,  22,  62],
    [ 62, 113,  55,  60,  22]], order=2^8)
===================================
Comparing to photon_5x5
- beats xtime_enc: 50 vs 52
