xor_enc: 40
xtime_enc: 60
=========
xor_dec: 120
xtime_dec: 140
=========
xor_sum: 160
xtime_sum: 200
mat:
GF([[ 2,  5, 10, 10,  9],
    [ 9,  2,  5, 10, 10],
    [10,  9,  2,  5, 10],
    [10, 10,  9,  2,  5],
    [ 5, 10, 10,  9,  2]], order=2^8)
inv:
GF([[ 45,  51, 121,  61, 191],
    [191,  45,  51, 121,  61],
    [ 61, 191,  45,  51, 121],
    [121,  61, 191,  45,  51],
    [ 51, 121,  61, 191,  45]], order=2^8)
===================================
Comparing to photon_5x5
- beats xor_enc: 40 vs 44
