xor_enc: 30
xtime_enc: 60
=========
xor_dec: 90
xtime_dec: 105
=========
xor_sum: 120
xtime_sum: 165
mat:
GF([[ 2, 10,  8,  4, 10],
    [10,  2, 10,  8,  4],
    [ 4, 10,  2, 10,  8],
    [ 8,  4, 10,  2, 10],
    [10,  8,  4, 10,  2]], order=2^8)
inv:
GF([[  6,  91,   1, 206, 119],
    [119,   6,  91,   1, 206],
    [206, 119,   6,  91,   1],
    [  1, 206, 119,   6,  91],
    [ 91,   1, 206, 119,   6]], order=2^8)
===================================
Comparing to photon_5x5
- beats xor_enc: 30 vs 44
