xor_enc: 45
xtime_enc: 50
=========
xor_dec: 80
xtime_dec: 150
=========
xor_sum: 125
xtime_sum: 200
mat:
GF([[ 2,  7,  7,  4, 10],
    [10,  2,  7,  7,  4],
    [ 4, 10,  2,  7,  7],
    [ 7,  4, 10,  2,  7],
    [ 7,  7,  4, 10,  2]], order=2^8)
inv:
GF([[131, 220, 106,   8, 141],
    [141, 131, 220, 106,   8],
    [  8, 141, 131, 220, 106],
    [106,   8, 141, 131, 220],
    [220, 106,   8, 141, 131]], order=2^8)
===================================
Comparing to photon_5x5
- beats xtime_enc: 50 vs 52
