xor_enc: 45
xtime_enc: 45
=========
xor_dec: 80
xtime_dec: 145
=========
xor_sum: 125
xtime_sum: 190
mat:
GF([[ 3,  3,  5, 10,  5],
    [ 5,  3,  3,  5, 10],
    [10,  5,  3,  3,  5],
    [ 5, 10,  5,  3,  3],
    [ 3,  5, 10,  5,  3]], order=2^8)
inv:
GF([[228,  56,  41,  56, 228],
    [228, 228,  56,  41,  56],
    [ 56, 228, 228,  56,  41],
    [ 41,  56, 228, 228,  56],
    [ 56,  41,  56, 228, 228]], order=2^8)
===================================
Comparing to photon_5x5
- beats xtime_enc: 45 vs 52
