xor_enc: 45
xtime_enc: 50
=========
xor_dec: 90
xtime_dec: 140
=========
xor_sum: 135
xtime_sum: 190
mat:
GF([[ 2, 10,  7,  9,  3],
    [ 3,  2, 10,  7,  9],
    [ 9,  3,  2, 10,  7],
    [ 7,  9,  3,  2, 10],
    [10,  7,  9,  3,  2]], order=2^8)
inv:
GF([[210,  73,  23,  19, 205],
    [205, 210,  73,  23,  19],
    [ 19, 205, 210,  73,  23],
    [ 23,  19, 205, 210,  73],
    [ 73,  23,  19, 205, 210]], order=2^8)
===================================
Comparing to photon_5x5
- beats xtime_enc: 50 vs 52
