xor_enc: 45
xtime_enc: 45
=========
xor_dec: 90
xtime_dec: 145
=========
xor_sum: 135
xtime_sum: 190
mat:
GF([[ 3,  3,  6, 10,  6],
    [ 6,  3,  3,  6, 10],
    [10,  6,  3,  3,  6],
    [ 6, 10,  6,  3,  3],
    [ 3,  6, 10,  6,  3]], order=2^8)
inv:
GF([[125,  66,  41,  66, 125],
    [125, 125,  66,  41,  66],
    [ 66, 125, 125,  66,  41],
    [ 41,  66, 125, 125,  66],
    [ 66,  41,  66, 125, 125]], order=2^8)
===================================
Comparing to photon_5x5
- beats xtime_enc: 45 vs 52
