xor_enc: 45
xtime_enc: 45
=========
xor_dec: 110
xtime_dec: 155
=========
xor_sum: 155
xtime_sum: 200
mat:
GF([[ 2, 10,  3,  7,  6],
    [ 6,  2, 10,  3,  7],
    [ 7,  6,  2, 10,  3],
    [ 3,  7,  6,  2, 10],
    [10,  3,  7,  6,  2]], order=2^8)
inv:
GF([[105,  90, 143,  42, 191],
    [191, 105,  90, 143,  42],
    [ 42, 191, 105,  90, 143],
    [143,  42, 191, 105,  90],
    [ 90, 143,  42, 191, 105]], order=2^8)
===================================
Comparing to photon_5x5
- beats xtime_enc: 45 vs 52
