xor_enc: 45
xtime_enc: 50
=========
xor_dec: 90
xtime_dec: 145
=========
xor_sum: 135
xtime_sum: 195
mat:
GF([[ 2,  7,  6, 10,  5],
    [ 5,  2,  7,  6, 10],
    [10,  5,  2,  7,  6],
    [ 6, 10,  5,  2,  7],
    [ 7,  6, 10,  5,  2]], order=2^8)
inv:
GF([[137, 166,   7, 211,  75],
    [ 75, 137, 166,   7, 211],
    [211,  75, 137, 166,   7],
    [  7, 211,  75, 137, 166],
    [166,   7, 211,  75, 137]], order=2^8)
===================================
Comparing to photon_5x5
- beats xtime_enc: 50 vs 52
