xor_enc: 40
xtime_enc: 55
=========
xor_dec: 80
xtime_dec: 135
=========
xor_sum: 120
xtime_sum: 190
mat:
GF([[ 2,  8,  7,  6, 10],
    [10,  2,  8,  7,  6],
    [ 6, 10,  2,  8,  7],
    [ 7,  6, 10,  2,  8],
    [ 8,  7,  6, 10,  2]], order=2^8)
inv:
GF([[ 94, 208,  77, 193,   3],
    [  3,  94, 208,  77, 193],
    [193,   3,  94, 208,  77],
    [ 77, 193,   3,  94, 208],
    [208,  77, 193,   3,  94]], order=2^8)
===================================
Comparing to photon_5x5
- beats xor_enc: 40 vs 44
