xor_enc: 30
xtime_enc: 60
=========
xor_dec: 65
xtime_dec: 120
=========
xor_sum: 95
xtime_sum: 180
mat:
GF([[ 2,  4, 10,  9,  8],
    [ 8,  2,  4, 10,  9],
    [ 9,  8,  2,  4, 10],
    [10,  9,  8,  2,  4],
    [ 4, 10,  9,  8,  2]], order=2^8)
inv:
GF([[ 85,  66, 232,   2,  28],
    [ 28,  85,  66, 232,   2],
    [  2,  28,  85,  66, 232],
    [232,   2,  28,  85,  66],
    [ 66, 232,   2,  28,  85]], order=2^8)
===================================
Comparing to photon_5x5
- beats xor_enc: 30 vs 44
