xor_enc: 50
xtime_enc: 50
=========
xor_dec: 90
xtime_dec: 150
=========
xor_sum: 140
xtime_sum: 200
mat:
GF([[ 2,  6,  7, 10,  7],
    [ 7,  2,  6,  7, 10],
    [10,  7,  2,  6,  7],
    [ 7, 10,  7,  2,  6],
    [ 6,  7, 10,  7,  2]], order=2^8)
inv:
GF([[ 48, 138,  27, 151, 211],
    [211,  48, 138,  27, 151],
    [151, 211,  48, 138,  27],
    [ 27, 151, 211,  48, 138],
    [138,  27, 151, 211,  48]], order=2^8)
===================================
Comparing to photon_5x5
- beats xtime_enc: 50 vs 52
