xor_enc: 40
xtime_enc: 55
=========
xor_dec: 100
xtime_dec: 155
=========
xor_sum: 140
xtime_sum: 210
mat:
GF([[ 2,  9,  5,  5, 10],
    [10,  2,  9,  5,  5],
    [ 5, 10,  2,  9,  5],
    [ 5,  5, 10,  2,  9],
    [ 9,  5,  5, 10,  2]], order=2^8)
inv:
GF([[ 66, 245, 211,  51,  86],
    [ 86,  66, 245, 211,  51],
    [ 51,  86,  66, 245, 211],
    [211,  51,  86,  66, 245],
    [245, 211,  51,  86,  66]], order=2^8)
===================================
Comparing to photon_5x5
- beats xor_enc: 40 vs 44
