xor_enc: 35
xtime_enc: 55
=========
xor_dec: 110
xtime_dec: 155
=========
xor_sum: 145
xtime_sum: 210
mat:
GF([[ 1,  9,  8, 10,  6],
    [ 6,  1,  9,  8, 10],
    [10,  6,  1,  9,  8],
    [ 8, 10,  6,  1,  9],
    [ 9,  8, 10,  6,  1]], order=2^8)
inv:
GF([[232,  75, 186,  22, 191],
    [191, 232,  75, 186,  22],
    [ 22, 191, 232,  75, 186],
    [186,  22, 191, 232,  75],
    [ 75, 186,  22, 191, 232]], order=2^8)
===================================
Comparing to photon_5x5
- beats xor_enc: 35 vs 44
