xor_enc: 45
xtime_enc: 45
=========
xor_dec: 80
xtime_dec: 145
=========
xor_sum: 125
xtime_sum: 190
mat:
GF([[ 1,  7,  6, 10,  5],
    [ 5,  1,  7,  6, 10],
    [10,  5,  1,  7,  6],
    [ 6, 10,  5,  1,  7],
    [ 7,  6, 10,  5,  1]], order=2^8)
inv:
GF([[142, 100,  17, 126,  66],
    [ 66, 142, 100,  17, 126],
    [126,  66, 142, 100,  17],
    [ 17, 126,  66, 142, 100],
    [100,  17, 126,  66, 142]], order=2^8)
===================================
Comparing to photon_5x5
- beats xtime_enc: 45 vs 52
