xor_enc: 40
xtime_enc: 55
=========
xor_dec: 85
xtime_dec: 145
=========
xor_sum: 125
xtime_sum: 200
mat:
GF([[ 1,  7,  8,  9, 10],
    [10,  1,  7,  8,  9],
    [ 9, 10,  1,  7,  8],
    [ 8,  9, 10,  1,  7],
    [ 7,  8,  9, 10,  1]], order=2^8)
inv:
GF([[ 21, 148, 233,  27, 146],
    [146,  21, 148, 233,  27],
    [ 27, 146,  21, 148, 233],
    [233,  27, 146,  21, 148],
    [148, 233,  27, 146,  21]], order=2^8)
===================================
Comparing to photon_5x5
- beats xor_enc: 40 vs 44
