xor_enc: 40
xtime_enc: 55
=========
xor_dec: 85
xtime_dec: 150
=========
xor_sum: 125
xtime_sum: 205
mat:
GF([[ 1,  6, 10,  9,  9],
    [ 9,  1,  6, 10,  9],
    [ 9,  9,  1,  6, 10],
    [10,  9,  9,  1,  6],
    [ 6, 10,  9,  9,  1]], order=2^8)
inv:
GF([[ 81, 164, 110,  33,  91],
    [ 91,  81, 164, 110,  33],
    [ 33,  91,  81, 164, 110],
    [110,  33,  91,  81, 164],
    [164, 110,  33,  91,  81]], order=2^8)
===================================
Comparing to photon_5x5
- beats xor_enc: 40 vs 44
