xor_enc: 30
xtime_enc: 60
=========
xor_dec: 85
xtime_dec: 130
=========
xor_sum: 115
xtime_sum: 190
mat:
GF([[ 1,  8,  8,  9, 10],
    [10,  1,  8,  8,  9],
    [ 9, 10,  1,  8,  8],
    [ 8,  9, 10,  1,  8],
    [ 8,  8,  9, 10,  1]], order=2^8)
inv:
GF([[ 12, 178,  22, 125,  88],
    [ 88,  12, 178,  22, 125],
    [125,  88,  12, 178,  22],
    [ 22, 125,  88,  12, 178],
    [178,  22, 125,  88,  12]], order=2^8)
===================================
Comparing to photon_5x5
- beats xor_enc: 30 vs 44
