xor_enc: 35
xtime_enc: 55
=========
xor_dec: 100
xtime_dec: 150
=========
xor_sum: 135
xtime_sum: 205
mat:
GF([[ 1,  9,  4, 10,  9],
    [ 9,  1,  9,  4, 10],
    [10,  9,  1,  9,  4],
    [ 4, 10,  9,  1,  9],
    [ 9,  4, 10,  9,  1]], order=2^8)
inv:
GF([[ 22, 181, 238, 172,  38],
    [ 38,  22, 181, 238, 172],
    [172,  38,  22, 181, 238],
    [238, 172,  38,  22, 181],
    [181, 238, 172,  38,  22]], order=2^8)
===================================
Comparing to photon_5x5
- beats xor_enc: 35 vs 44
