xor_enc: 40
xtime_enc: 55
=========
xor_dec: 90
xtime_dec: 145
=========
xor_sum: 130
xtime_sum: 200
mat:
GF([[ 2,  7, 10, 10,  4],
    [ 4,  2,  7, 10, 10],
    [10,  4,  2,  7, 10],
    [10, 10,  4,  2,  7],
    [ 7, 10, 10,  4,  2]], order=2^8)
inv:
GF([[  2, 164, 232, 182, 249],
    [249,   2, 164, 232, 182],
    [182, 249,   2, 164, 232],
    [232, 182, 249,   2, 164],
    [164, 232, 182, 249,   2]], order=2^8)
===================================
Comparing to photon_5x5
- beats xor_enc: 40 vs 44
