xor_enc: 45
xtime_enc: 45
=========
xor_dec: 70
xtime_dec: 130
=========
xor_sum: 115
xtime_sum: 175
mat:
GF([[ 2,  7, 10,  3,  6],
    [ 6,  2,  7, 10,  3],
    [ 3,  6,  2,  7, 10],
    [10,  3,  6,  2,  7],
    [ 7, 10,  3,  6,  2]], order=2^8)
inv:
GF([[223, 130,  50,   2,  68],
    [ 68, 223, 130,  50,   2],
    [  2,  68, 223, 130,  50],
    [ 50,   2,  68, 223, 130],
    [130,  50,   2,  68, 223]], order=2^8)
===================================
Comparing to photon_5x5
- beats xtime_enc: 45 vs 52
