xor_enc: 35
xtime_enc: 55
=========
xor_dec: 90
xtime_dec: 165
=========
xor_sum: 125
xtime_sum: 220
mat:
GF([[ 1,  8, 10, 10,  6],
    [ 6,  1,  8, 10, 10],
    [10,  6,  1,  8, 10],
    [10, 10,  6,  1,  8],
    [ 8, 10, 10,  6,  1]], order=2^8)
inv:
GF([[ 82, 129, 210, 190, 120],
    [120,  82, 129, 210, 190],
    [190, 120,  82, 129, 210],
    [210, 190, 120,  82, 129],
    [129, 210, 190, 120,  82]], order=2^8)
===================================
Comparing to photon_5x5
- beats xor_enc: 35 vs 44
