xor_enc: 35
xtime_enc: 55
=========
xor_dec: 100
xtime_dec: 145
=========
xor_sum: 135
xtime_sum: 200
mat:
GF([[ 1, 10,  8,  9,  6],
    [ 6,  1, 10,  8,  9],
    [ 9,  6,  1, 10,  8],
    [ 8,  9,  6,  1, 10],
    [10,  8,  9,  6,  1]], order=2^8)
inv:
GF([[ 99,  79,  43, 137,  62],
    [ 62,  99,  79,  43, 137],
    [137,  62,  99,  79,  43],
    [ 43, 137,  62,  99,  79],
    [ 79,  43, 137,  62,  99]], order=2^8)
===================================
Comparing to photon_5x5
- beats xor_enc: 35 vs 44
