xor_enc: 45
xtime_enc: 45
=========
xor_dec: 70
xtime_dec: 160
=========
xor_sum: 115
xtime_sum: 205
mat:
GF([[ 1,  7,  4,  7, 10],
    [10,  1,  7,  4,  7],
    [ 7, 10,  1,  7,  4],
    [ 4,  7, 10,  1,  7],
    [ 7,  4,  7, 10,  1]], order=2^8)
inv:
GF([[168, 174,  98, 129,  34],
    [ 34, 168, 174,  98, 129],
    [129,  34, 168, 174,  98],
    [ 98, 129,  34, 168, 174],
    [174,  98, 129,  34, 168]], order=2^8)
===================================
Comparing to photon_5x5
- beats xtime_enc: 45 vs 52
