xor_enc: 40
xtime_enc: 60
=========
xor_dec: 85
xtime_dec: 135
=========
xor_sum: 125
xtime_sum: 195
mat:
GF([[ 2,  7, 10, 10,  8],
    [ 8,  2,  7, 10, 10],
    [10,  8,  2,  7, 10],
    [10, 10,  8,  2,  7],
    [ 7, 10, 10,  8,  2]], order=2^8)
inv:
GF([[  9, 194, 210, 246,  14],
    [ 14,   9, 194, 210, 246],
    [246,  14,   9, 194, 210],
    [210, 246,  14,   9, 194],
    [194, 210, 246,  14,   9]], order=2^8)
===================================
Comparing to photon_5x5
- beats xor_enc: 40 vs 44
