xor_enc: 40
xtime_enc: 55
=========
xor_dec: 90
xtime_dec: 145
=========
xor_sum: 130
xtime_sum: 200
mat:
GF([[ 2, 10,  5,  9,  5],
    [ 5,  2, 10,  5,  9],
    [ 9,  5,  2, 10,  5],
    [ 5,  9,  5,  2, 10],
    [10,  5,  9,  5,  2]], order=2^8)
inv:
GF([[ 59,  40, 130,  39, 183],
    [183,  59,  40, 130,  39],
    [ 39, 183,  59,  40, 130],
    [130,  39, 183,  59,  40],
    [ 40, 130,  39, 183,  59]], order=2^8)
===================================
Comparing to photon_5x5
- beats xor_enc: 40 vs 44
