xor_enc: 45
xtime_enc: 50
=========
xor_dec: 120
xtime_dec: 160
=========
xor_sum: 165
xtime_sum: 210
mat:
GF([[ 2,  7, 10,  5,  6],
    [ 6,  2,  7, 10,  5],
    [ 5,  6,  2,  7, 10],
    [10,  5,  6,  2,  7],
    [ 7, 10,  5,  6,  2]], order=2^8)
inv:
GF([[150, 145, 123, 251,  55],
    [ 55, 150, 145, 123, 251],
    [251,  55, 150, 145, 123],
    [123, 251,  55, 150, 145],
    [145, 123, 251,  55, 150]], order=2^8)
===================================
Comparing to photon_5x5
- beats xtime_enc: 50 vs 52
