xor_enc: 45
xtime_enc: 45
=========
xor_dec: 120
xtime_dec: 150
=========
xor_sum: 165
xtime_sum: 195
mat:
GF([[ 1,  7,  6,  5, 10],
    [10,  1,  7,  6,  5],
    [ 5, 10,  1,  7,  6],
    [ 6,  5, 10,  1,  7],
    [ 7,  6,  5, 10,  1]], order=2^8)
inv:
GF([[ 31, 223, 227, 209,  53],
    [ 53,  31, 223, 227, 209],
    [209,  53,  31, 223, 227],
    [227, 209,  53,  31, 223],
    [223, 227, 209,  53,  31]], order=2^8)
===================================
Comparing to photon_5x5
- beats xtime_enc: 45 vs 52
