xor_enc: 35
xtime_enc: 60
=========
xor_dec: 90
xtime_dec: 150
=========
xor_sum: 125
xtime_sum: 210
mat:
GF([[ 2, 10, 10,  4,  9],
    [ 9,  2, 10, 10,  4],
    [ 4,  9,  2, 10, 10],
    [10,  4,  9,  2, 10],
    [10, 10,  4,  9,  2]], order=2^8)
inv:
GF([[200, 220,  44, 225,  30],
    [ 30, 200, 220,  44, 225],
    [225,  30, 200, 220,  44],
    [ 44, 225,  30, 200, 220],
    [220,  44, 225,  30, 200]], order=2^8)
===================================
Comparing to photon_5x5
- beats xor_enc: 35 vs 44
