xor_enc: 50
xtime_enc: 50
=========
xor_dec: 70
xtime_dec: 140
=========
xor_sum: 120
xtime_sum: 190
mat:
GF([[ 2,  6,  7,  7, 10],
    [10,  2,  6,  7,  7],
    [ 7, 10,  2,  6,  7],
    [ 7,  7, 10,  2,  6],
    [ 6,  7,  7, 10,  2]], order=2^8)
inv:
GF([[194,  19, 146,  10, 172],
    [172, 194,  19, 146,  10],
    [ 10, 172, 194,  19, 146],
    [146,  10, 172, 194,  19],
    [ 19, 146,  10, 172, 194]], order=2^8)
===================================
Comparing to photon_5x5
- beats xtime_enc: 50 vs 52
