xor_enc: 45
xtime_enc: 50
=========
xor_dec: 75
xtime_dec: 90
=========
xor_sum: 120
xtime_sum: 140
mat:
GF([[ 3,  3, 10,  9,  5],
    [ 5,  3,  3, 10,  9],
    [ 9,  5,  3,  3, 10],
    [10,  9,  5,  3,  3],
    [ 3, 10,  9,  5,  3]], order=2^8)
inv:
GF([[  9, 120,  22,   3,  31],
    [ 31,   9, 120,  22,   3],
    [  3,  31,   9, 120,  22],
    [ 22,   3,  31,   9, 120],
    [120,  22,   3,  31,   9]], order=2^8)
===================================
Comparing to photon_5x5
- beats xtime_enc: 50 vs 52
