xor_enc: 45
xtime_enc: 50
=========
xor_dec: 95
xtime_dec: 140
=========
xor_sum: 140
xtime_sum: 190
mat:
GF([[ 3,  3, 10,  6, 10],
    [10,  3,  3, 10,  6],
    [ 6, 10,  3,  3, 10],
    [10,  6, 10,  3,  3],
    [ 3, 10,  6, 10,  3]], order=2^8)
inv:
GF([[ 47,  68, 123,  68,  47],
    [ 47,  47,  68, 123,  68],
    [ 68,  47,  47,  68, 123],
    [123,  68,  47,  47,  68],
    [ 68, 123,  68,  47,  47]], order=2^8)
===================================
Comparing to photon_5x5
- beats xtime_enc: 50 vs 52
