xor_enc: 45
xtime_enc: 45
=========
xor_dec: 120
xtime_dec: 150
=========
xor_sum: 165
xtime_sum: 195
mat:
GF([[ 1, 10,  5,  6,  7],
    [ 7,  1, 10,  5,  6],
    [ 6,  7,  1, 10,  5],
    [ 5,  6,  7,  1, 10],
    [10,  5,  6,  7,  1]], order=2^8)
inv:
GF([[ 31,  53, 209, 227, 223],
    [223,  31,  53, 209, 227],
    [227, 223,  31,  53, 209],
    [209, 227, 223,  31,  53],
    [ 53, 209, 227, 223,  31]], order=2^8)
===================================
Comparing to photon_5x5
- beats xtime_enc: 45 vs 52
