xor_enc: 35
xtime_enc: 55
=========
xor_dec: 100
xtime_dec: 145
=========
xor_sum: 135
xtime_sum: 200
mat:
GF([[ 2,  3, 10, 10,  8],
    [ 8,  2,  3, 10, 10],
    [10,  8,  2,  3, 10],
    [10, 10,  8,  2,  3],
    [ 3, 10, 10,  8,  2]], order=2^8)
inv:
GF([[179, 193, 111,  11,  89],
    [ 89, 179, 193, 111,  11],
    [ 11,  89, 179, 193, 111],
    [111,  11,  89, 179, 193],
    [193, 111,  11,  89, 179]], order=2^8)
===================================
Comparing to photon_5x5
- beats xor_enc: 35 vs 44
