xor_enc: 45
xtime_enc: 45
=========
xor_dec: 90
xtime_dec: 145
=========
xor_sum: 135
xtime_sum: 190
mat:
GF([[ 1, 10,  3, 10,  7],
    [ 7,  1, 10,  3, 10],
    [10,  7,  1, 10,  3],
    [ 3, 10,  7,  1, 10],
    [10,  3, 10,  7,  1]], order=2^8)
inv:
GF([[ 30, 196, 253,  68,  49],
    [ 49,  30, 196, 253,  68],
    [ 68,  49,  30, 196, 253],
    [253,  68,  49,  30, 196],
    [196, 253,  68,  49,  30]], order=2^8)
===================================
Comparing to photon_5x5
- beats xtime_enc: 45 vs 52
