xor_enc: 45
xtime_enc: 40
=========
xor_dec: 70
xtime_dec: 145
=========
xor_sum: 115
xtime_sum: 185
mat:
GF([[ 1,  5,  3, 10,  7],
    [ 7,  1,  5,  3, 10],
    [10,  7,  1,  5,  3],
    [ 3, 10,  7,  1,  5],
    [ 5,  3, 10,  7,  1]], order=2^8)
inv:
GF([[ 10,  81, 134,  85, 161],
    [161,  10,  81, 134,  85],
    [ 85, 161,  10,  81, 134],
    [134,  85, 161,  10,  81],
    [ 81, 134,  85, 161,  10]], order=2^8)
===================================
Comparing to photon_5x5
- beats xtime_enc: 40 vs 52
