xor_enc: 45
xtime_enc: 45
=========
xor_dec: 90
xtime_dec: 130
=========
xor_sum: 135
xtime_sum: 175
mat:
GF([[ 1, 10,  5,  7,  5],
    [ 5,  1, 10,  5,  7],
    [ 7,  5,  1, 10,  5],
    [ 5,  7,  5,  1, 10],
    [10,  5,  7,  5,  1]], order=2^8)
inv:
GF([[  5, 183,  11, 194, 203],
    [203,   5, 183,  11, 194],
    [194, 203,   5, 183,  11],
    [ 11, 194, 203,   5, 183],
    [183,  11, 194, 203,   5]], order=2^8)
===================================
Comparing to photon_5x5
- beats xtime_enc: 45 vs 52
