xor_enc: 40
xtime_enc: 55
=========
xor_dec: 110
xtime_dec: 170
=========
xor_sum: 150
xtime_sum: 225
mat:
GF([[ 2,  7, 10,  6,  8],
    [ 8,  2,  7, 10,  6],
    [ 6,  8,  2,  7, 10],
    [10,  6,  8,  2,  7],
    [ 7, 10,  6,  8,  2]], order=2^8)
inv:
GF([[242, 166, 216, 241, 124],
    [124, 242, 166, 216, 241],
    [241, 124, 242, 166, 216],
    [216, 241, 124, 242, 166],
    [166, 216, 241, 124, 242]], order=2^8)
===================================
Comparing to photon_5x5
- beats xor_enc: 40 vs 44
