xor_enc: 40
xtime_enc: 55
=========
xor_dec: 85
xtime_dec: 165
=========
xor_sum: 125
xtime_sum: 220
mat:
GF([[ 1, 10, 10,  9,  5],
    [ 5,  1, 10, 10,  9],
    [ 9,  5,  1, 10, 10],
    [10,  9,  5,  1, 10],
    [10, 10,  9,  5,  1]], order=2^8)
inv:
GF([[158, 255,  66,  64, 130],
    [130, 158, 255,  66,  64],
    [ 64, 130, 158, 255,  66],
    [ 66,  64, 130, 158, 255],
    [255,  66,  64, 130, 158]], order=2^8)
===================================
Comparing to photon_5x5
- beats xor_enc: 40 vs 44
