xor_enc: 40
xtime_enc: 55
=========
xor_dec: 105
xtime_dec: 155
=========
xor_sum: 145
xtime_sum: 210
mat:
GF([[ 2, 10,  5,  5, 10],
    [10,  2, 10,  5,  5],
    [ 5, 10,  2, 10,  5],
    [ 5,  5, 10,  2, 10],
    [10,  5,  5, 10,  2]], order=2^8)
inv:
GF([[141,  89, 121, 121,  89],
    [ 89, 141,  89, 121, 121],
    [121,  89, 141,  89, 121],
    [121, 121,  89, 141,  89],
    [ 89, 121, 121,  89, 141]], order=2^8)
===================================
Comparing to photon_5x5
- beats xor_enc: 40 vs 44
