xor_enc: 35
xtime_enc: 55
=========
xor_dec: 100
xtime_dec: 145
=========
xor_sum: 135
xtime_sum: 200
mat:
GF([[ 3,  2,  8, 10, 10],
    [10,  3,  2,  8, 10],
    [10, 10,  3,  2,  8],
    [ 8, 10, 10,  3,  2],
    [ 2,  8, 10, 10,  3]], order=2^8)
inv:
GF([[ 89,  11, 111, 193, 179],
    [179,  89,  11, 111, 193],
    [193, 179,  89,  11, 111],
    [111, 193, 179,  89,  11],
    [ 11, 111, 193, 179,  89]], order=2^8)
===================================
Comparing to photon_5x5
- beats xor_enc: 35 vs 44
