xor_enc: 50
xtime_enc: 50
=========
xor_dec: 70
xtime_dec: 140
=========
xor_sum: 120
xtime_sum: 190
mat:
GF([[ 2, 10,  7,  7,  6],
    [ 6,  2, 10,  7,  7],
    [ 7,  6,  2, 10,  7],
    [ 7,  7,  6,  2, 10],
    [10,  7,  7,  6,  2]], order=2^8)
inv:
GF([[194, 172,  10, 146,  19],
    [ 19, 194, 172,  10, 146],
    [146,  19, 194, 172,  10],
    [ 10, 146,  19, 194, 172],
    [172,  10, 146,  19, 194]], order=2^8)
===================================
Comparing to photon_5x5
- beats xtime_enc: 50 vs 52
