xor_enc: 40
xtime_enc: 55
=========
xor_dec: 95
xtime_dec: 135
=========
xor_sum: 135
xtime_sum: 190
mat:
GF([[ 1,  6,  9, 10,  9],
    [ 9,  1,  6,  9, 10],
    [10,  9,  1,  6,  9],
    [ 9, 10,  9,  1,  6],
    [ 6,  9, 10,  9,  1]], order=2^8)
inv:
GF([[115,  42, 109,  12, 217],
    [217, 115,  42, 109,  12],
    [ 12, 217, 115,  42, 109],
    [109,  12, 217, 115,  42],
    [ 42, 109,  12, 217, 115]], order=2^8)
===================================
Comparing to photon_5x5
- beats xor_enc: 40 vs 44
