xor_enc: 40
xtime_enc: 55
=========
xor_dec: 110
xtime_dec: 170
=========
xor_sum: 150
xtime_sum: 225
mat:
GF([[ 2,  6,  7,  8, 10],
    [10,  2,  6,  7,  8],
    [ 8, 10,  2,  6,  7],
    [ 7,  8, 10,  2,  6],
    [ 6,  7,  8, 10,  2]], order=2^8)
inv:
GF([[242, 241, 166, 124, 216],
    [216, 242, 241, 166, 124],
    [124, 216, 242, 241, 166],
    [166, 124, 216, 242, 241],
    [241, 166, 124, 216, 242]], order=2^8)
===================================
Comparing to photon_5x5
- beats xor_enc: 40 vs 44
