xor_enc: 40
xtime_enc: 60
=========
xor_dec: 90
xtime_dec: 145
=========
xor_sum: 130
xtime_sum: 205
mat:
GF([[ 2, 10,  7,  9,  8],
    [ 8,  2, 10,  7,  9],
    [ 9,  8,  2, 10,  7],
    [ 7,  9,  8,  2, 10],
    [10,  7,  9,  8,  2]], order=2^8)
inv:
GF([[165, 151,   6, 184, 105],
    [105, 165, 151,   6, 184],
    [184, 105, 165, 151,   6],
    [  6, 184, 105, 165, 151],
    [151,   6, 184, 105, 165]], order=2^8)
===================================
Comparing to photon_5x5
- beats xor_enc: 40 vs 44
