xor_enc: 40
xtime_enc: 60
=========
xor_dec: 70
xtime_dec: 135
=========
xor_sum: 110
xtime_sum: 195
mat:
GF([[ 2, 10,  8,  9,  7],
    [ 7,  2, 10,  8,  9],
    [ 9,  7,  2, 10,  8],
    [ 8,  9,  7,  2, 10],
    [10,  8,  9,  7,  2]], order=2^8)
inv:
GF([[108, 137,  69,  66,   7],
    [  7, 108, 137,  69,  66],
    [ 66,   7, 108, 137,  69],
    [ 69,  66,   7, 108, 137],
    [137,  69,  66,   7, 108]], order=2^8)
===================================
Comparing to photon_5x5
- beats xor_enc: 40 vs 44
