xor_enc: 30
xtime_enc: 55
=========
xor_dec: 95
xtime_dec: 145
=========
xor_sum: 125
xtime_sum: 200
mat:
GF([[ 2, 10,  8,  4,  6],
    [ 6,  2, 10,  8,  4],
    [ 4,  6,  2, 10,  8],
    [ 8,  4,  6,  2, 10],
    [10,  8,  4,  6,  2]], order=2^8)
inv:
GF([[ 83,   4, 227, 210, 235],
    [235,  83,   4, 227, 210],
    [210, 235,  83,   4, 227],
    [227, 210, 235,  83,   4],
    [  4, 227, 210, 235,  83]], order=2^8)
===================================
Comparing to photon_5x5
- beats xor_enc: 30 vs 44
