xor_enc: 40
xtime_enc: 55
=========
xor_dec: 110
xtime_dec: 145
=========
xor_sum: 150
xtime_sum: 200
mat:
GF([[ 1, 10,  6,  9, 10],
    [10,  1, 10,  6,  9],
    [ 9, 10,  1, 10,  6],
    [ 6,  9, 10,  1, 10],
    [10,  6,  9, 10,  1]], order=2^8)
inv:
GF([[149, 190, 116, 191,   5],
    [  5, 149, 190, 116, 191],
    [191,   5, 149, 190, 116],
    [116, 191,   5, 149, 190],
    [190, 116, 191,   5, 149]], order=2^8)
===================================
Comparing to photon_5x5
- beats xor_enc: 40 vs 44
