xor_enc: 35
xtime_enc: 60
=========
xor_dec: 70
xtime_dec: 105
=========
xor_sum: 105
xtime_sum: 165
mat:
GF([[ 2, 10,  6,  8,  9],
    [ 9,  2, 10,  6,  8],
    [ 8,  9,  2, 10,  6],
    [ 6,  8,  9,  2, 10],
    [10,  6,  8,  9,  2]], order=2^8)
inv:
GF([[ 28, 108,   1,  24, 174],
    [174,  28, 108,   1,  24],
    [ 24, 174,  28, 108,   1],
    [  1,  24, 174,  28, 108],
    [108,   1,  24, 174,  28]], order=2^8)
===================================
Comparing to photon_5x5
- beats xor_enc: 35 vs 44
