xor_enc: 30
xtime_enc: 55
=========
xor_dec: 75
xtime_dec: 135
=========
xor_sum: 105
xtime_sum: 190
mat:
GF([[ 2, 10,  4,  8,  6],
    [ 6,  2, 10,  4,  8],
    [ 8,  6,  2, 10,  4],
    [ 4,  8,  6,  2, 10],
    [10,  4,  8,  6,  2]], order=2^8)
inv:
GF([[ 70,  25, 118, 180,  16],
    [ 16,  70,  25, 118, 180],
    [180,  16,  70,  25, 118],
    [118, 180,  16,  70,  25],
    [ 25, 118, 180,  16,  70]], order=2^8)
===================================
Comparing to photon_5x5
- beats xor_enc: 30 vs 44
