xor_enc: 45
xtime_enc: 50
=========
xor_dec: 120
xtime_dec: 155
=========
xor_sum: 165
xtime_sum: 205
mat:
GF([[ 3,  3,  9, 10,  6],
    [ 6,  3,  3,  9, 10],
    [10,  6,  3,  3,  9],
    [ 9, 10,  6,  3,  3],
    [ 3,  9, 10,  6,  3]], order=2^8)
inv:
GF([[ 51, 119, 150, 222,  94],
    [ 94,  51, 119, 150, 222],
    [222,  94,  51, 119, 150],
    [150, 222,  94,  51, 119],
    [119, 150, 222,  94,  51]], order=2^8)
===================================
Comparing to photon_5x5
- beats xtime_enc: 50 vs 52
