xor_enc: 45
xtime_enc: 45
=========
xor_dec: 85
xtime_dec: 140
=========
xor_sum: 130
xtime_sum: 185
mat:
GF([[ 1, 10,  3,  7,  9],
    [ 9,  1, 10,  3,  7],
    [ 7,  9,  1, 10,  3],
    [ 3,  7,  9,  1, 10],
    [10,  3,  7,  9,  1]], order=2^8)
inv:
GF([[148,  88, 252,  79,   4],
    [  4, 148,  88, 252,  79],
    [ 79,   4, 148,  88, 252],
    [252,  79,   4, 148,  88],
    [ 88, 252,  79,   4, 148]], order=2^8)
===================================
Comparing to photon_5x5
- beats xtime_enc: 45 vs 52
