xor_enc: 35
xtime_enc: 55
=========
xor_dec: 80
xtime_dec: 160
=========
xor_sum: 115
xtime_sum: 215
mat:
GF([[ 1,  4,  9, 10,  9],
    [ 9,  1,  4,  9, 10],
    [10,  9,  1,  4,  9],
    [ 9, 10,  9,  1,  4],
    [ 4,  9, 10,  9,  1]], order=2^8)
inv:
GF([[224,  71,  53, 148, 193],
    [193, 224,  71,  53, 148],
    [148, 193, 224,  71,  53],
    [ 53, 148, 193, 224,  71],
    [ 71,  53, 148, 193, 224]], order=2^8)
===================================
Comparing to photon_5x5
- beats xor_enc: 35 vs 44
