xor_enc: 40
xtime_enc: 60
=========
xor_dec: 85
xtime_dec: 155
=========
xor_sum: 125
xtime_sum: 215
mat:
GF([[ 2,  8, 10,  7, 10],
    [10,  2,  8, 10,  7],
    [ 7, 10,  2,  8, 10],
    [10,  7, 10,  2,  8],
    [ 8, 10,  7, 10,  2]], order=2^8)
inv:
GF([[182, 238,  17,  96, 200],
    [200, 182, 238,  17,  96],
    [ 96, 200, 182, 238,  17],
    [ 17,  96, 200, 182, 238],
    [238,  17,  96, 200, 182]], order=2^8)
===================================
Comparing to photon_5x5
- beats xor_enc: 40 vs 44
