xor_enc: 40
xtime_enc: 55
=========
xor_dec: 90
xtime_dec: 145
=========
xor_sum: 130
xtime_sum: 200
mat:
GF([[ 2, 10,  7,  4, 10],
    [10,  2, 10,  7,  4],
    [ 4, 10,  2, 10,  7],
    [ 7,  4, 10,  2, 10],
    [10,  7,  4, 10,  2]], order=2^8)
inv:
GF([[  2, 182, 164, 249, 232],
    [232,   2, 182, 164, 249],
    [249, 232,   2, 182, 164],
    [164, 249, 232,   2, 182],
    [182, 164, 249, 232,   2]], order=2^8)
===================================
Comparing to photon_5x5
- beats xor_enc: 40 vs 44
