xor_enc: 45
xtime_enc: 50
=========
xor_dec: 125
xtime_dec: 165
=========
xor_sum: 170
xtime_sum: 215
mat:
GF([[ 1, 10,  7,  6,  9],
    [ 9,  1, 10,  7,  6],
    [ 6,  9,  1, 10,  7],
    [ 7,  6,  9,  1, 10],
    [10,  7,  6,  9,  1]], order=2^8)
inv:
GF([[233, 167,  94, 123, 157],
    [157, 233, 167,  94, 123],
    [123, 157, 233, 167,  94],
    [ 94, 123, 157, 233, 167],
    [167,  94, 123, 157, 233]], order=2^8)
===================================
Comparing to photon_5x5
- beats xtime_enc: 50 vs 52
