xor_enc: 45
xtime_enc: 50
=========
xor_dec: 105
xtime_dec: 165
=========
xor_sum: 150
xtime_sum: 215
mat:
GF([[ 1,  5, 10, 10,  7],
    [ 7,  1,  5, 10, 10],
    [10,  7,  1,  5, 10],
    [10, 10,  7,  1,  5],
    [ 5, 10, 10,  7,  1]], order=2^8)
inv:
GF([[224, 114, 191, 178, 105],
    [105, 224, 114, 191, 178],
    [178, 105, 224, 114, 191],
    [191, 178, 105, 224, 114],
    [114, 191, 178, 105, 224]], order=2^8)
===================================
Comparing to photon_5x5
- beats xtime_enc: 50 vs 52
