xor_enc: 35
xtime_enc: 55
=========
xor_dec: 70
xtime_dec: 140
=========
xor_sum: 105
xtime_sum: 195
mat:
GF([[ 1,  5, 10,  8,  9],
    [ 9,  1,  5, 10,  8],
    [ 8,  9,  1,  5, 10],
    [10,  8,  9,  1,  5],
    [ 5, 10,  8,  9,  1]], order=2^8)
inv:
GF([[230, 113, 144, 194,   2],
    [  2, 230, 113, 144, 194],
    [194,   2, 230, 113, 144],
    [144, 194,   2, 230, 113],
    [113, 144, 194,   2, 230]], order=2^8)
===================================
Comparing to photon_5x5
- beats xor_enc: 35 vs 44
