xor_enc: 40
xtime_enc: 55
=========
xor_dec: 75
xtime_dec: 120
=========
xor_sum: 115
xtime_sum: 175
mat:
GF([[ 2,  3, 10, 10,  9],
    [ 9,  2,  3, 10, 10],
    [10,  9,  2,  3, 10],
    [10, 10,  9,  2,  3],
    [ 3, 10, 10,  9,  2]], order=2^8)
inv:
GF([[ 34, 122,  10,  11, 177],
    [177,  34, 122,  10,  11],
    [ 11, 177,  34, 122,  10],
    [ 10,  11, 177,  34, 122],
    [122,  10,  11, 177,  34]], order=2^8)
===================================
Comparing to photon_5x5
- beats xor_enc: 40 vs 44
