xor_enc: 40
xtime_enc: 55
=========
xor_dec: 80
xtime_dec: 125
=========
xor_sum: 120
xtime_sum: 180
mat:
GF([[ 1, 10, 10,  7,  8],
    [ 8,  1, 10, 10,  7],
    [ 7,  8,  1, 10, 10],
    [10,  7,  8,  1, 10],
    [10, 10,  7,  8,  1]], order=2^8)
inv:
GF([[ 10,  12, 101, 112, 246],
    [246,  10,  12, 101, 112],
    [112, 246,  10,  12, 101],
    [101, 112, 246,  10,  12],
    [ 12, 101, 112, 246,  10]], order=2^8)
===================================
Comparing to photon_5x5
- beats xor_enc: 40 vs 44
