xor_enc: 45
xtime_enc: 50
=========
xor_dec: 90
xtime_dec: 140
=========
xor_sum: 135
xtime_sum: 190
mat:
GF([[ 2,  7,  3, 10,  9],
    [ 9,  2,  7,  3, 10],
    [10,  9,  2,  7,  3],
    [ 3, 10,  9,  2,  7],
    [ 7,  3, 10,  9,  2]], order=2^8)
inv:
GF([[210,  23, 205,  73,  19],
    [ 19, 210,  23, 205,  73],
    [ 73,  19, 210,  23, 205],
    [205,  73,  19, 210,  23],
    [ 23, 205,  73,  19, 210]], order=2^8)
===================================
Comparing to photon_5x5
- beats xtime_enc: 50 vs 52
