xor_enc: 35
xtime_enc: 55
=========
xor_dec: 70
xtime_dec: 135
=========
xor_sum: 105
xtime_sum: 190
mat:
GF([[ 1, 10,  9, 10,  4],
    [ 4,  1, 10,  9, 10],
    [10,  4,  1, 10,  9],
    [ 9, 10,  4,  1, 10],
    [10,  9, 10,  4,  1]], order=2^8)
inv:
GF([[ 16,  66,  17, 141, 126],
    [126,  16,  66,  17, 141],
    [141, 126,  16,  66,  17],
    [ 17, 141, 126,  16,  66],
    [ 66,  17, 141, 126,  16]], order=2^8)
===================================
Comparing to photon_5x5
- beats xor_enc: 35 vs 44
