xor_enc: 35
xtime_enc: 55
=========
xor_dec: 115
xtime_dec: 155
=========
xor_sum: 150
xtime_sum: 210
mat:
GF([[ 2,  8,  4, 10,  7],
    [ 7,  2,  8,  4, 10],
    [10,  7,  2,  8,  4],
    [ 4, 10,  7,  2,  8],
    [ 8,  4, 10,  7,  2]], order=2^8)
inv:
GF([[ 25, 159, 226,  93, 207],
    [207,  25, 159, 226,  93],
    [ 93, 207,  25, 159, 226],
    [226,  93, 207,  25, 159],
    [159, 226,  93, 207,  25]], order=2^8)
===================================
Comparing to photon_5x5
- beats xor_enc: 35 vs 44
