xor_enc: 45
xtime_enc: 35
=========
xor_dec: 80
xtime_dec: 125
=========
xor_sum: 125
xtime_sum: 160
mat:
GF([[ 1,  7,  3,  3, 10],
    [10,  1,  7,  3,  3],
    [ 3, 10,  1,  7,  3],
    [ 3,  3, 10,  1,  7],
    [ 7,  3,  3, 10,  1]], order=2^8)
inv:
GF([[  9,  50,  19,  75, 211],
    [211,   9,  50,  19,  75],
    [ 75, 211,   9,  50,  19],
    [ 19,  75, 211,   9,  50],
    [ 50,  19,  75, 211,   9]], order=2^8)
===================================
Comparing to photon_5x5
- beats xtime_enc: 35 vs 52
