xor_enc: 45
xtime_enc: 45
=========
xor_dec: 90
xtime_dec: 165
=========
xor_sum: 135
xtime_sum: 210
mat:
GF([[ 1,  6, 10,  5,  7],
    [ 7,  1,  6, 10,  5],
    [ 5,  7,  1,  6, 10],
    [10,  5,  7,  1,  6],
    [ 6, 10,  5,  7,  1]], order=2^8)
inv:
GF([[105, 161, 161, 227,  77],
    [ 77, 105, 161, 161, 227],
    [227,  77, 105, 161, 161],
    [161, 227,  77, 105, 161],
    [161, 161, 227,  77, 105]], order=2^8)
===================================
Comparing to photon_5x5
- beats xtime_enc: 45 vs 52
