xor_enc: 40
xtime_enc: 60
=========
xor_dec: 70
xtime_dec: 135
=========
xor_sum: 110
xtime_sum: 195
mat:
GF([[ 2,  9, 10,  7,  8],
    [ 8,  2,  9, 10,  7],
    [ 7,  8,  2,  9, 10],
    [10,  7,  8,  2,  9],
    [ 9, 10,  7,  8,  2]], order=2^8)
inv:
GF([[108,  66, 137,   7,  69],
    [ 69, 108,  66, 137,   7],
    [  7,  69, 108,  66, 137],
    [137,   7,  69, 108,  66],
    [ 66, 137,   7,  69, 108]], order=2^8)
===================================
Comparing to photon_5x5
- beats xor_enc: 40 vs 44
