xor_enc: 35
xtime_enc: 55
=========
xor_dec: 80
xtime_dec: 150
=========
xor_sum: 115
xtime_sum: 205
mat:
GF([[ 2,  8,  3, 10, 10],
    [10,  2,  8,  3, 10],
    [10, 10,  2,  8,  3],
    [ 3, 10, 10,  2,  8],
    [ 8,  3, 10, 10,  2]], order=2^8)
inv:
GF([[ 54,  56,  98, 176, 147],
    [147,  54,  56,  98, 176],
    [176, 147,  54,  56,  98],
    [ 98, 176, 147,  54,  56],
    [ 56,  98, 176, 147,  54]], order=2^8)
===================================
Comparing to photon_5x5
- beats xor_enc: 35 vs 44
