xor_enc: 40
xtime_enc: 55
=========
xor_dec: 85
xtime_dec: 115
=========
xor_sum: 125
xtime_sum: 170
mat:
GF([[ 2, 10,  5,  7,  8],
    [ 8,  2, 10,  5,  7],
    [ 7,  8,  2, 10,  5],
    [ 5,  7,  8,  2, 10],
    [10,  5,  7,  8,  2]], order=2^8)
inv:
GF([[ 95,  35,   2,  26, 233],
    [233,  95,  35,   2,  26],
    [ 26, 233,  95,  35,   2],
    [  2,  26, 233,  95,  35],
    [ 35,   2,  26, 233,  95]], order=2^8)
===================================
Comparing to photon_5x5
- beats xor_enc: 40 vs 44
