xor_enc: 45
xtime_enc: 45
=========
xor_dec: 95
xtime_dec: 135
=========
xor_sum: 140
xtime_sum: 180
mat:
GF([[ 1,  3,  7, 10,  9],
    [ 9,  1,  3,  7, 10],
    [10,  9,  1,  3,  7],
    [ 7, 10,  9,  1,  3],
    [ 3,  7, 10,  9,  1]], order=2^8)
inv:
GF([[ 55,  33, 150, 245,  14],
    [ 14,  55,  33, 150, 245],
    [245,  14,  55,  33, 150],
    [150, 245,  14,  55,  33],
    [ 33, 150, 245,  14,  55]], order=2^8)
===================================
Comparing to photon_5x5
- beats xtime_enc: 45 vs 52
