xor_enc: 35
xtime_enc: 55
=========
xor_dec: 140
xtime_dec: 175
=========
xor_sum: 175
xtime_sum: 230
mat:
GF([[ 1,  9, 10,  8,  6],
    [ 6,  1,  9, 10,  8],
    [ 8,  6,  1,  9, 10],
    [10,  8,  6,  1,  9],
    [ 9, 10,  8,  6,  1]], order=2^8)
inv:
GF([[221, 238, 175, 187, 151],
    [151, 221, 238, 175, 187],
    [187, 151, 221, 238, 175],
    [175, 187, 151, 221, 238],
    [238, 175, 187, 151, 221]], order=2^8)
===================================
Comparing to photon_5x5
- beats xor_enc: 35 vs 44
