xor_enc: 30
xtime_enc: 60
=========
xor_dec: 65
xtime_dec: 120
=========
xor_sum: 95
xtime_sum: 180
mat:
GF([[ 2,  9,  4,  8, 10],
    [10,  2,  9,  4,  8],
    [ 8, 10,  2,  9,  4],
    [ 4,  8, 10,  2,  9],
    [ 9,  4,  8, 10,  2]], order=2^8)
inv:
GF([[ 85,   2,  66,  28, 232],
    [232,  85,   2,  66,  28],
    [ 28, 232,  85,   2,  66],
    [ 66,  28, 232,  85,   2],
    [  2,  66,  28, 232,  85]], order=2^8)
===================================
Comparing to photon_5x5
- beats xor_enc: 30 vs 44
