xor_enc: 40
xtime_enc: 55
=========
xor_dec: 110
xtime_dec: 170
=========
xor_sum: 150
xtime_sum: 225
mat:
GF([[ 2, 10,  8,  7,  6],
    [ 6,  2, 10,  8,  7],
    [ 7,  6,  2, 10,  8],
    [ 8,  7,  6,  2, 10],
    [10,  8,  7,  6,  2]], order=2^8)
inv:
GF([[242, 216, 124, 166, 241],
    [241, 242, 216, 124, 166],
    [166, 241, 242, 216, 124],
    [124, 166, 241, 242, 216],
    [216, 124, 166, 241, 242]], order=2^8)
===================================
Comparing to photon_5x5
- beats xor_enc: 40 vs 44
