xor_enc: 40
xtime_enc: 55
=========
xor_dec: 85
xtime_dec: 165
=========
xor_sum: 125
xtime_sum: 220
mat:
GF([[ 1, 10,  5, 10,  9],
    [ 9,  1, 10,  5, 10],
    [10,  9,  1, 10,  5],
    [ 5, 10,  9,  1, 10],
    [10,  5, 10,  9,  1]], order=2^8)
inv:
GF([[158,  66, 130, 255,  64],
    [ 64, 158,  66, 130, 255],
    [255,  64, 158,  66, 130],
    [130, 255,  64, 158,  66],
    [ 66, 130, 255,  64, 158]], order=2^8)
===================================
Comparing to photon_5x5
- beats xor_enc: 40 vs 44
