xor_enc: 50
xtime_enc: 45
=========
xor_dec: 115
xtime_dec: 150
=========
xor_sum: 165
xtime_sum: 195
mat:
GF([[ 3,  3, 10,  5,  7],
    [ 7,  3,  3, 10,  5],
    [ 5,  7,  3,  3, 10],
    [10,  5,  7,  3,  3],
    [ 3, 10,  5,  7,  3]], order=2^8)
inv:
GF([[253,  23, 194, 237,  45],
    [ 45, 253,  23, 194, 237],
    [237,  45, 253,  23, 194],
    [194, 237,  45, 253,  23],
    [ 23, 194, 237,  45, 253]], order=2^8)
===================================
Comparing to photon_5x5
- beats xtime_enc: 45 vs 52
