xor_enc: 35
xtime_enc: 60
=========
xor_dec: 110
xtime_dec: 150
=========
xor_sum: 145
xtime_sum: 210
mat:
GF([[ 2,  6,  9,  8, 10],
    [10,  2,  6,  9,  8],
    [ 8, 10,  2,  6,  9],
    [ 9,  8, 10,  2,  6],
    [ 6,  9,  8, 10,  2]], order=2^8)
inv:
GF([[127, 100, 124,  51, 147],
    [147, 127, 100, 124,  51],
    [ 51, 147, 127, 100, 124],
    [124,  51, 147, 127, 100],
    [100, 124,  51, 147, 127]], order=2^8)
===================================
Comparing to photon_5x5
- beats xor_enc: 35 vs 44
