xor_enc: 35
xtime_enc: 55
=========
xor_dec: 85
xtime_dec: 160
=========
xor_sum: 120
xtime_sum: 215
mat:
GF([[ 2,  6,  9,  4, 10],
    [10,  2,  6,  9,  4],
    [ 4, 10,  2,  6,  9],
    [ 9,  4, 10,  2,  6],
    [ 6,  9,  4, 10,  2]], order=2^8)
inv:
GF([[ 93, 141,  44, 194, 200],
    [200,  93, 141,  44, 194],
    [194, 200,  93, 141,  44],
    [ 44, 194, 200,  93, 141],
    [141,  44, 194, 200,  93]], order=2^8)
===================================
Comparing to photon_5x5
- beats xor_enc: 35 vs 44
