xor_enc: 40
xtime_enc: 55
=========
xor_dec: 115
xtime_dec: 165
=========
xor_sum: 155
xtime_sum: 220
mat:
GF([[ 2,  5,  7,  8, 10],
    [10,  2,  5,  7,  8],
    [ 8, 10,  2,  5,  7],
    [ 7,  8, 10,  2,  5],
    [ 5,  7,  8, 10,  2]], order=2^8)
inv:
GF([[234, 125, 126, 236, 136],
    [136, 234, 125, 126, 236],
    [236, 136, 234, 125, 126],
    [126, 236, 136, 234, 125],
    [125, 126, 236, 136, 234]], order=2^8)
===================================
Comparing to photon_5x5
- beats xor_enc: 40 vs 44
