xor_enc: 50
xtime_enc: 50
=========
xor_dec: 90
xtime_dec: 150
=========
xor_sum: 140
xtime_sum: 200
mat:
GF([[ 2,  7,  7,  6, 10],
    [10,  2,  7,  7,  6],
    [ 6, 10,  2,  7,  7],
    [ 7,  6, 10,  2,  7],
    [ 7,  7,  6, 10,  2]], order=2^8)
inv:
GF([[ 48,  27, 211, 138, 151],
    [151,  48,  27, 211, 138],
    [138, 151,  48,  27, 211],
    [211, 138, 151,  48,  27],
    [ 27, 211, 138, 151,  48]], order=2^8)
===================================
Comparing to photon_5x5
- beats xtime_enc: 50 vs 52
