xor_enc: 45
xtime_enc: 45
=========
xor_dec: 85
xtime_dec: 140
=========
xor_sum: 130
xtime_sum: 185
mat:
GF([[ 1,  9,  7,  3, 10],
    [10,  1,  9,  7,  3],
    [ 3, 10,  1,  9,  7],
    [ 7,  3, 10,  1,  9],
    [ 9,  7,  3, 10,  1]], order=2^8)
inv:
GF([[148,   4,  79, 252,  88],
    [ 88, 148,   4,  79, 252],
    [252,  88, 148,   4,  79],
    [ 79, 252,  88, 148,   4],
    [  4,  79, 252,  88, 148]], order=2^8)
===================================
Comparing to photon_5x5
- beats xtime_enc: 45 vs 52
