xor_enc: 30
xtime_enc: 55
=========
xor_dec: 90
xtime_dec: 145
=========
xor_sum: 120
xtime_sum: 200
mat:
GF([[ 1, 10,  9,  4,  8],
    [ 8,  1, 10,  9,  4],
    [ 4,  8,  1, 10,  9],
    [ 9,  4,  8,  1, 10],
    [10,  9,  4,  8,  1]], order=2^8)
inv:
GF([[225, 113, 177, 195,   7],
    [  7, 225, 113, 177, 195],
    [195,   7, 225, 113, 177],
    [177, 195,   7, 225, 113],
    [113, 177, 195,   7, 225]], order=2^8)
===================================
Comparing to photon_5x5
- beats xor_enc: 30 vs 44
