xor_enc: 40
xtime_enc: 55
=========
xor_dec: 95
xtime_dec: 155
=========
xor_sum: 135
xtime_sum: 210
mat:
GF([[ 2,  4,  9, 10,  7],
    [ 7,  2,  4,  9, 10],
    [10,  7,  2,  4,  9],
    [ 9, 10,  7,  2,  4],
    [ 4,  9, 10,  7,  2]], order=2^8)
inv:
GF([[ 24, 168, 155, 235,  77],
    [ 77,  24, 168, 155, 235],
    [235,  77,  24, 168, 155],
    [155, 235,  77,  24, 168],
    [168, 155, 235,  77,  24]], order=2^8)
===================================
Comparing to photon_5x5
- beats xor_enc: 40 vs 44
