xor_enc: 30
xtime_enc: 55
=========
xor_dec: 105
xtime_dec: 160
=========
xor_sum: 135
xtime_sum: 215
mat:
GF([[ 1,  8, 10, 10,  4],
    [ 4,  1,  8, 10, 10],
    [10,  4,  1,  8, 10],
    [10, 10,  4,  1,  8],
    [ 8, 10, 10,  4,  1]], order=2^8)
inv:
GF([[198,  54, 170, 108, 215],
    [215, 198,  54, 170, 108],
    [108, 215, 198,  54, 170],
    [170, 108, 215, 198,  54],
    [ 54, 170, 108, 215, 198]], order=2^8)
===================================
Comparing to photon_5x5
- beats xor_enc: 30 vs 44
