xor_enc: 35
xtime_enc: 55
=========
xor_dec: 100
xtime_dec: 145
=========
xor_sum: 135
xtime_sum: 200
mat:
GF([[ 1, 10,  6,  8,  9],
    [ 9,  1, 10,  6,  8],
    [ 8,  9,  1, 10,  6],
    [ 6,  8,  9,  1, 10],
    [10,  6,  8,  9,  1]], order=2^8)
inv:
GF([[  9, 211, 229, 184,  55],
    [ 55,   9, 211, 229, 184],
    [184,  55,   9, 211, 229],
    [229, 184,  55,   9, 211],
    [211, 229, 184,  55,   9]], order=2^8)
===================================
Comparing to photon_5x5
- beats xor_enc: 35 vs 44
