xor_enc: 35
xtime_enc: 60
=========
xor_dec: 90
xtime_dec: 130
=========
xor_sum: 125
xtime_sum: 190
mat:
GF([[ 2,  4, 10,  9,  9],
    [ 9,  2,  4, 10,  9],
    [ 9,  9,  2,  4, 10],
    [10,  9,  9,  2,  4],
    [ 4, 10,  9,  9,  2]], order=2^8)
inv:
GF([[177,  13, 105,  25, 124],
    [124, 177,  13, 105,  25],
    [ 25, 124, 177,  13, 105],
    [105,  25, 124, 177,  13],
    [ 13, 105,  25, 124, 177]], order=2^8)
===================================
Comparing to photon_5x5
- beats xor_enc: 35 vs 44
