xor_enc: 40
xtime_enc: 55
=========
xor_dec: 115
xtime_dec: 165
=========
xor_sum: 155
xtime_sum: 220
mat:
GF([[ 1,  7, 10,  8,  9],
    [ 9,  1,  7, 10,  8],
    [ 8,  9,  1,  7, 10],
    [10,  8,  9,  1,  7],
    [ 7, 10,  8,  9,  1]], order=2^8)
inv:
GF([[111, 149, 102, 238, 147],
    [147, 111, 149, 102, 238],
    [238, 147, 111, 149, 102],
    [102, 238, 147, 111, 149],
    [149, 102, 238, 147, 111]], order=2^8)
===================================
Comparing to photon_5x5
- beats xor_enc: 40 vs 44
