xor_enc: 40
xtime_enc: 55
=========
xor_dec: 90
xtime_dec: 150
=========
xor_sum: 130
xtime_sum: 205
mat:
GF([[ 2,  5, 10,  5,  9],
    [ 9,  2,  5, 10,  5],
    [ 5,  9,  2,  5, 10],
    [10,  5,  9,  2,  5],
    [ 5, 10,  5,  9,  2]], order=2^8)
inv:
GF([[225,  78, 213,  16, 107],
    [107, 225,  78, 213,  16],
    [ 16, 107, 225,  78, 213],
    [213,  16, 107, 225,  78],
    [ 78, 213,  16, 107, 225]], order=2^8)
===================================
Comparing to photon_5x5
- beats xor_enc: 40 vs 44
