xor_enc: 45
xtime_enc: 45
=========
xor_dec: 100
xtime_dec: 165
=========
xor_sum: 145
xtime_sum: 210
mat:
GF([[ 1,  7,  4, 10,  7],
    [ 7,  1,  7,  4, 10],
    [10,  7,  1,  7,  4],
    [ 4, 10,  7,  1,  7],
    [ 7,  4, 10,  7,  1]], order=2^8)
inv:
GF([[ 86,  97, 151, 149, 242],
    [242,  86,  97, 151, 149],
    [149, 242,  86,  97, 151],
    [151, 149, 242,  86,  97],
    [ 97, 151, 149, 242,  86]], order=2^8)
===================================
Comparing to photon_5x5
- beats xtime_enc: 45 vs 52
