xor_enc: 40
xtime_enc: 55
=========
xor_dec: 70
xtime_dec: 160
=========
xor_sum: 110
xtime_sum: 215
mat:
GF([[ 1, 10,  9,  5,  9],
    [ 9,  1, 10,  9,  5],
    [ 5,  9,  1, 10,  9],
    [ 9,  5,  9,  1, 10],
    [10,  9,  5,  9,  1]], order=2^8)
inv:
GF([[226, 208,  65,  52, 162],
    [162, 226, 208,  65,  52],
    [ 52, 162, 226, 208,  65],
    [ 65,  52, 162, 226, 208],
    [208,  65,  52, 162, 226]], order=2^8)
===================================
Comparing to photon_5x5
- beats xor_enc: 40 vs 44
