xor_enc: 40
xtime_enc: 55
=========
xor_dec: 85
xtime_dec: 115
=========
xor_sum: 125
xtime_sum: 170
mat:
GF([[ 2,  5,  9,  6, 10],
    [10,  2,  5,  9,  6],
    [ 6, 10,  2,  5,  9],
    [ 9,  6, 10,  2,  5],
    [ 5,  9,  6, 10,  2]], order=2^8)
inv:
GF([[ 12, 227,   7,  78,  43],
    [ 43,  12, 227,   7,  78],
    [ 78,  43,  12, 227,   7],
    [  7,  78,  43,  12, 227],
    [227,   7,  78,  43,  12]], order=2^8)
===================================
Comparing to photon_5x5
- beats xor_enc: 40 vs 44
