xor_enc: 45
xtime_enc: 45
=========
xor_dec: 120
xtime_dec: 170
=========
xor_sum: 165
xtime_sum: 215
mat:
GF([[ 2,  3, 10,  7,  5],
    [ 5,  2,  3, 10,  7],
    [ 7,  5,  2,  3, 10],
    [10,  7,  5,  2,  3],
    [ 3, 10,  7,  5,  2]], order=2^8)
inv:
GF([[183, 228, 105, 138, 255],
    [255, 183, 228, 105, 138],
    [138, 255, 183, 228, 105],
    [105, 138, 255, 183, 228],
    [228, 105, 138, 255, 183]], order=2^8)
===================================
Comparing to photon_5x5
- beats xtime_enc: 45 vs 52
