xor_enc: 40
xtime_enc: 60
=========
xor_dec: 120
xtime_dec: 140
=========
xor_sum: 160
xtime_sum: 200
mat:
GF([[ 2,  9, 10, 10,  5],
    [ 5,  2,  9, 10, 10],
    [10,  5,  2,  9, 10],
    [10, 10,  5,  2,  9],
    [ 9, 10, 10,  5,  2]], order=2^8)
inv:
GF([[ 45, 191,  61, 121,  51],
    [ 51,  45, 191,  61, 121],
    [121,  51,  45, 191,  61],
    [ 61, 121,  51,  45, 191],
    [191,  61, 121,  51,  45]], order=2^8)
===================================
Comparing to photon_5x5
- beats xor_enc: 40 vs 44
