xor_enc: 45
xtime_enc: 50
=========
xor_dec: 115
xtime_dec: 150
=========
xor_sum: 160
xtime_sum: 200
mat:
GF([[ 3,  3,  9, 10,  5],
    [ 5,  3,  3,  9, 10],
    [10,  5,  3,  3,  9],
    [ 9, 10,  5,  3,  3],
    [ 3,  9, 10,  5,  3]], order=2^8)
inv:
GF([[187,  87, 197,  29,  79],
    [ 79, 187,  87, 197,  29],
    [ 29,  79, 187,  87, 197],
    [197,  29,  79, 187,  87],
    [ 87, 197,  29,  79, 187]], order=2^8)
===================================
Comparing to photon_5x5
- beats xtime_enc: 50 vs 52
