xor_enc: 40
xtime_enc: 55
=========
xor_dec: 105
xtime_dec: 160
=========
xor_sum: 145
xtime_sum: 215
mat:
GF([[ 2,  3, 10,  9, 10],
    [10,  2,  3, 10,  9],
    [ 9, 10,  2,  3, 10],
    [10,  9, 10,  2,  3],
    [ 3, 10,  9, 10,  2]], order=2^8)
inv:
GF([[180, 137,  59, 123, 149],
    [149, 180, 137,  59, 123],
    [123, 149, 180, 137,  59],
    [ 59, 123, 149, 180, 137],
    [137,  59, 123, 149, 180]], order=2^8)
===================================
Comparing to photon_5x5
- beats xor_enc: 40 vs 44
