xor_enc: 40
xtime_enc: 60
=========
xor_dec: 90
xtime_dec: 150
=========
xor_sum: 130
xtime_sum: 210
mat:
GF([[ 2, 10, 10,  9,  5],
    [ 5,  2, 10, 10,  9],
    [ 9,  5,  2, 10, 10],
    [10,  9,  5,  2, 10],
    [10, 10,  9,  5,  2]], order=2^8)
inv:
GF([[ 85,  95,  37, 106, 160],
    [160,  85,  95,  37, 106],
    [106, 160,  85,  95,  37],
    [ 37, 106, 160,  85,  95],
    [ 95,  37, 106, 160,  85]], order=2^8)
===================================
Comparing to photon_5x5
- beats xor_enc: 40 vs 44
