xor_enc: 45
xtime_enc: 45
=========
xor_dec: 100
xtime_dec: 165
=========
xor_sum: 145
xtime_sum: 210
mat:
GF([[ 1,  6, 10,  7,  6],
    [ 6,  1,  6, 10,  7],
    [ 7,  6,  1,  6, 10],
    [10,  7,  6,  1,  6],
    [ 6, 10,  7,  6,  1]], order=2^8)
inv:
GF([[ 72, 222,  98, 177, 245],
    [245,  72, 222,  98, 177],
    [177, 245,  72, 222,  98],
    [ 98, 177, 245,  72, 222],
    [222,  98, 177, 245,  72]], order=2^8)
===================================
Comparing to photon_5x5
- beats xtime_enc: 45 vs 52
