xor_enc: 30
xtime_enc: 55
=========
xor_dec: 90
xtime_dec: 145
=========
xor_sum: 120
xtime_sum: 200
mat:
GF([[ 1,  4, 10,  8,  9],
    [ 9,  1,  4, 10,  8],
    [ 8,  9,  1,  4, 10],
    [10,  8,  9,  1,  4],
    [ 4, 10,  8,  9,  1]], order=2^8)
inv:
GF([[225, 195, 113,   7, 177],
    [177, 225, 195, 113,   7],
    [  7, 177, 225, 195, 113],
    [113,   7, 177, 225, 195],
    [195, 113,   7, 177, 225]], order=2^8)
===================================
Comparing to photon_5x5
- beats xor_enc: 30 vs 44
