xor_enc: 50
xtime_enc: 45
=========
xor_dec: 85
xtime_dec: 175
=========
xor_sum: 135
xtime_sum: 220
mat:
GF([[ 2, 10,  7,  7,  3],
    [ 3,  2, 10,  7,  7],
    [ 7,  3,  2, 10,  7],
    [ 7,  7,  3,  2, 10],
    [10,  7,  7,  3,  2]], order=2^8)
inv:
GF([[172, 183, 136, 147, 192],
    [192, 172, 183, 136, 147],
    [147, 192, 172, 183, 136],
    [136, 147, 192, 172, 183],
    [183, 136, 147, 192, 172]], order=2^8)
===================================
Comparing to photon_5x5
- beats xtime_enc: 45 vs 52
