xor_enc: 40
xtime_enc: 55
=========
xor_dec: 70
xtime_dec: 160
=========
xor_sum: 110
xtime_sum: 215
mat:
GF([[ 1,  5, 10,  9,  9],
    [ 9,  1,  5, 10,  9],
    [ 9,  9,  1,  5, 10],
    [10,  9,  9,  1,  5],
    [ 5, 10,  9,  9,  1]], order=2^8)
inv:
GF([[226,  52, 208, 162,  65],
    [ 65, 226,  52, 208, 162],
    [162,  65, 226,  52, 208],
    [208, 162,  65, 226,  52],
    [ 52, 208, 162,  65, 226]], order=2^8)
===================================
Comparing to photon_5x5
- beats xor_enc: 40 vs 44
