xor_enc: 40
xtime_enc: 55
=========
xor_dec: 85
xtime_dec: 130
=========
xor_sum: 125
xtime_sum: 185
mat:
GF([[ 3,  3, 10,  9,  8],
    [ 8,  3,  3, 10,  9],
    [ 9,  8,  3,  3, 10],
    [10,  9,  8,  3,  3],
    [ 3, 10,  9,  8,  3]], order=2^8)
inv:
GF([[114, 171,   2, 122,  97],
    [ 97, 114, 171,   2, 122],
    [122,  97, 114, 171,   2],
    [  2, 122,  97, 114, 171],
    [171,   2, 122,  97, 114]], order=2^8)
===================================
Comparing to photon_5x5
- beats xor_enc: 40 vs 44
