xor_enc: 45
xtime_enc: 50
=========
xor_dec: 90
xtime_dec: 150
=========
xor_sum: 135
xtime_sum: 200
mat:
GF([[ 2,  6,  7,  5, 10],
    [10,  2,  6,  7,  5],
    [ 5, 10,  2,  6,  7],
    [ 7,  5, 10,  2,  6],
    [ 6,  7,  5, 10,  2]], order=2^8)
inv:
GF([[114,  44,  66,  82, 254],
    [254, 114,  44,  66,  82],
    [ 82, 254, 114,  44,  66],
    [ 66,  82, 254, 114,  44],
    [ 44,  66,  82, 254, 114]], order=2^8)
===================================
Comparing to photon_5x5
- beats xtime_enc: 50 vs 52
