xor_enc: 35
xtime_enc: 55
=========
xor_dec: 90
xtime_dec: 160
=========
xor_sum: 125
xtime_sum: 215
mat:
GF([[ 2, 10,  9,  8,  3],
    [ 3,  2, 10,  9,  8],
    [ 8,  3,  2, 10,  9],
    [ 9,  8,  3,  2, 10],
    [10,  9,  8,  3,  2]], order=2^8)
inv:
GF([[108, 146,  74, 109, 240],
    [240, 108, 146,  74, 109],
    [109, 240, 108, 146,  74],
    [ 74, 109, 240, 108, 146],
    [146,  74, 109, 240, 108]], order=2^8)
===================================
Comparing to photon_5x5
- beats xor_enc: 35 vs 44
