xor_enc: 45
xtime_enc: 40
=========
xor_dec: 110
xtime_dec: 155
=========
xor_sum: 155
xtime_sum: 195
mat:
GF([[ 1,  6, 10,  3,  7],
    [ 7,  1,  6, 10,  3],
    [ 3,  7,  1,  6, 10],
    [10,  3,  7,  1,  6],
    [ 6, 10,  3,  7,  1]], order=2^8)
inv:
GF([[245,  67, 155,  45,  79],
    [ 79, 245,  67, 155,  45],
    [ 45,  79, 245,  67, 155],
    [155,  45,  79, 245,  67],
    [ 67, 155,  45,  79, 245]], order=2^8)
===================================
Comparing to photon_5x5
- beats xtime_enc: 40 vs 52
