xor_enc: 35
xtime_enc: 55
=========
xor_dec: 90
xtime_dec: 150
=========
xor_sum: 125
xtime_sum: 205
mat:
GF([[ 1, 10,  9,  8,  5],
    [ 5,  1, 10,  9,  8],
    [ 8,  5,  1, 10,  9],
    [ 9,  8,  5,  1, 10],
    [10,  9,  8,  5,  1]], order=2^8)
inv:
GF([[ 98, 133, 114,  41, 123],
    [123,  98, 133, 114,  41],
    [ 41, 123,  98, 133, 114],
    [114,  41, 123,  98, 133],
    [133, 114,  41, 123,  98]], order=2^8)
===================================
Comparing to photon_5x5
- beats xor_enc: 35 vs 44
