xor_enc: 40
xtime_enc: 60
=========
xor_dec: 100
xtime_dec: 135
=========
xor_sum: 140
xtime_sum: 195
mat:
GF([[ 2, 10, 10,  5,  9],
    [ 9,  2, 10, 10,  5],
    [ 5,  9,  2, 10, 10],
    [10,  5,  9,  2, 10],
    [10, 10,  5,  9,  2]], order=2^8)
inv:
GF([[119, 105, 221,  46,   8],
    [  8, 119, 105, 221,  46],
    [ 46,   8, 119, 105, 221],
    [221,  46,   8, 119, 105],
    [105, 221,  46,   8, 119]], order=2^8)
===================================
Comparing to photon_5x5
- beats xor_enc: 40 vs 44
