xor_enc: 35
xtime_enc: 55
=========
xor_dec: 95
xtime_dec: 130
=========
xor_sum: 130
xtime_sum: 185
mat:
GF([[ 2,  8, 10,  6,  5],
    [ 5,  2,  8, 10,  6],
    [ 6,  5,  2,  8, 10],
    [10,  6,  5,  2,  8],
    [ 8, 10,  6,  5,  2]], order=2^8)
inv:
GF([[ 49, 233, 126,  85,   5],
    [  5,  49, 233, 126,  85],
    [ 85,   5,  49, 233, 126],
    [126,  85,   5,  49, 233],
    [233, 126,  85,   5,  49]], order=2^8)
===================================
Comparing to photon_5x5
- beats xor_enc: 35 vs 44
