xor_enc: 35
xtime_enc: 55
=========
xor_dec: 105
xtime_dec: 155
=========
xor_sum: 140
xtime_sum: 210
mat:
GF([[ 2, 10,  8,  4,  7],
    [ 7,  2, 10,  8,  4],
    [ 4,  7,  2, 10,  8],
    [ 8,  4,  7,  2, 10],
    [10,  8,  4,  7,  2]], order=2^8)
inv:
GF([[ 74, 186, 203,  22, 219],
    [219,  74, 186, 203,  22],
    [ 22, 219,  74, 186, 203],
    [203,  22, 219,  74, 186],
    [186, 203,  22, 219,  74]], order=2^8)
===================================
Comparing to photon_5x5
- beats xor_enc: 35 vs 44
