xor_enc: 45
xtime_enc: 45
=========
xor_dec: 110
xtime_dec: 155
=========
xor_sum: 155
xtime_sum: 200
mat:
GF([[ 2,  6,  7,  3, 10],
    [10,  2,  6,  7,  3],
    [ 3, 10,  2,  6,  7],
    [ 7,  3, 10,  2,  6],
    [ 6,  7,  3, 10,  2]], order=2^8)
inv:
GF([[105, 191,  42, 143,  90],
    [ 90, 105, 191,  42, 143],
    [143,  90, 105, 191,  42],
    [ 42, 143,  90, 105, 191],
    [191,  42, 143,  90, 105]], order=2^8)
===================================
Comparing to photon_5x5
- beats xtime_enc: 45 vs 52
