xor_enc: 45
xtime_enc: 40
=========
xor_dec: 110
xtime_dec: 155
=========
xor_sum: 155
xtime_sum: 195
mat:
GF([[ 1,  3,  6,  7, 10],
    [10,  1,  3,  6,  7],
    [ 7, 10,  1,  3,  6],
    [ 6,  7, 10,  1,  3],
    [ 3,  6,  7, 10,  1]], order=2^8)
inv:
GF([[245,  45,  67,  79, 155],
    [155, 245,  45,  67,  79],
    [ 79, 155, 245,  45,  67],
    [ 67,  79, 155, 245,  45],
    [ 45,  67,  79, 155, 245]], order=2^8)
===================================
Comparing to photon_5x5
- beats xtime_enc: 40 vs 52
