xor_enc: 45
xtime_enc: 45
=========
xor_dec: 80
xtime_dec: 160
=========
xor_sum: 125
xtime_sum: 205
mat:
GF([[ 1,  6, 10,  6,  7],
    [ 7,  1,  6, 10,  6],
    [ 6,  7,  1,  6, 10],
    [10,  6,  7,  1,  6],
    [ 6, 10,  6,  7,  1]], order=2^8)
inv:
GF([[157,  53,  92, 196, 128],
    [128, 157,  53,  92, 196],
    [196, 128, 157,  53,  92],
    [ 92, 196, 128, 157,  53],
    [ 53,  92, 196, 128, 157]], order=2^8)
===================================
Comparing to photon_5x5
- beats xtime_enc: 45 vs 52
