xor_enc: 30
xtime_enc: 60
=========
xor_dec: 85
xtime_dec: 130
=========
xor_sum: 115
xtime_sum: 190
mat:
GF([[ 1, 10,  9,  8,  8],
    [ 8,  1, 10,  9,  8],
    [ 8,  8,  1, 10,  9],
    [ 9,  8,  8,  1, 10],
    [10,  9,  8,  8,  1]], order=2^8)
inv:
GF([[ 12,  88, 125,  22, 178],
    [178,  12,  88, 125,  22],
    [ 22, 178,  12,  88, 125],
    [125,  22, 178,  12,  88],
    [ 88, 125,  22, 178,  12]], order=2^8)
===================================
Comparing to photon_5x5
- beats xor_enc: 30 vs 44
