xor_enc: 35
xtime_enc: 55
=========
xor_dec: 90
xtime_dec: 165
=========
xor_sum: 125
xtime_sum: 220
mat:
GF([[ 1,  6,  8, 10, 10],
    [10,  1,  6,  8, 10],
    [10, 10,  1,  6,  8],
    [ 8, 10, 10,  1,  6],
    [ 6,  8, 10, 10,  1]], order=2^8)
inv:
GF([[124,  90, 162, 162, 225],
    [225, 124,  90, 162, 162],
    [162, 225, 124,  90, 162],
    [162, 162, 225, 124,  90],
    [ 90, 162, 162, 225, 124]], order=2^8)
===================================
Comparing to photon_5x5
- beats xor_enc: 35 vs 44
