xor_enc: 45
xtime_enc: 45
=========
xor_dec: 90
xtime_dec: 155
=========
xor_sum: 135
xtime_sum: 200
mat:
GF([[ 3,  3,  4,  7, 10],
    [10,  3,  3,  4,  7],
    [ 7, 10,  3,  3,  4],
    [ 4,  7, 10,  3,  3],
    [ 3,  4,  7, 10,  3]], order=2^8)
inv:
GF([[ 81, 252,  72, 133,  47],
    [ 47,  81, 252,  72, 133],
    [133,  47,  81, 252,  72],
    [ 72, 133,  47,  81, 252],
    [252,  72, 133,  47,  81]], order=2^8)
===================================
Comparing to photon_5x5
- beats xtime_enc: 45 vs 52
