xor_enc: 50
xtime_enc: 45
=========
xor_dec: 115
xtime_dec: 150
=========
xor_sum: 165
xtime_sum: 195
mat:
GF([[ 3,  3,  7,  5, 10],
    [10,  3,  3,  7,  5],
    [ 5, 10,  3,  3,  7],
    [ 7,  5, 10,  3,  3],
    [ 3,  7,  5, 10,  3]], order=2^8)
inv:
GF([[ 45, 237, 194,  23, 253],
    [253,  45, 237, 194,  23],
    [ 23, 253,  45, 237, 194],
    [194,  23, 253,  45, 237],
    [237, 194,  23, 253,  45]], order=2^8)
===================================
Comparing to photon_5x5
- beats xtime_enc: 45 vs 52
