xor_enc: 30
xtime_enc: 60
=========
xor_dec: 85
xtime_dec: 140
=========
xor_sum: 115
xtime_sum: 200
mat:
GF([[ 2, 10,  8,  8,  5],
    [ 5,  2, 10,  8,  8],
    [ 8,  5,  2, 10,  8],
    [ 8,  8,  5,  2, 10],
    [10,  8,  8,  5,  2]], order=2^8)
inv:
GF([[ 80,  43, 207,  24,  77],
    [ 77,  80,  43, 207,  24],
    [ 24,  77,  80,  43, 207],
    [207,  24,  77,  80,  43],
    [ 43, 207,  24,  77,  80]], order=2^8)
===================================
Comparing to photon_5x5
- beats xor_enc: 30 vs 44
