xor_enc: 40
xtime_enc: 55
=========
xor_dec: 65
xtime_dec: 165
=========
xor_sum: 105
xtime_sum: 220
mat:
GF([[ 2,  9,  5,  6, 10],
    [10,  2,  9,  5,  6],
    [ 6, 10,  2,  9,  5],
    [ 5,  6, 10,  2,  9],
    [ 9,  5,  6, 10,  2]], order=2^8)
inv:
GF([[131, 139,  69, 136,  72],
    [ 72, 131, 139,  69, 136],
    [136,  72, 131, 139,  69],
    [ 69, 136,  72, 131, 139],
    [139,  69, 136,  72, 131]], order=2^8)
===================================
Comparing to photon_5x5
- beats xor_enc: 40 vs 44
