xor_enc: 45
xtime_enc: 45
=========
xor_dec: 130
xtime_dec: 155
=========
xor_sum: 175
xtime_sum: 200
mat:
GF([[ 2,  7,  5, 10,  3],
    [ 3,  2,  7,  5, 10],
    [10,  3,  2,  7,  5],
    [ 5, 10,  3,  2,  7],
    [ 7,  5, 10,  3,  2]], order=2^8)
inv:
GF([[127, 189, 247,  41,  83],
    [ 83, 127, 189, 247,  41],
    [ 41,  83, 127, 189, 247],
    [247,  41,  83, 127, 189],
    [189, 247,  41,  83, 127]], order=2^8)
===================================
Comparing to photon_5x5
- beats xtime_enc: 45 vs 52
