xor_enc: 45
xtime_enc: 50
=========
xor_dec: 90
xtime_dec: 165
=========
xor_sum: 135
xtime_sum: 215
mat:
GF([[ 2,  4, 10,  7,  7],
    [ 7,  2,  4, 10,  7],
    [ 7,  7,  2,  4, 10],
    [10,  7,  7,  2,  4],
    [ 4, 10,  7,  7,  2]], order=2^8)
inv:
GF([[139, 206, 204, 120,  65],
    [ 65, 139, 206, 204, 120],
    [120,  65, 139, 206, 204],
    [204, 120,  65, 139, 206],
    [206, 204, 120,  65, 139]], order=2^8)
===================================
Comparing to photon_5x5
- beats xtime_enc: 50 vs 52
