xor_enc: 40
xtime_enc: 55
=========
xor_dec: 105
xtime_dec: 165
=========
xor_sum: 145
xtime_sum: 220
mat:
GF([[ 2, 10,  9,  3,  9],
    [ 9,  2, 10,  9,  3],
    [ 3,  9,  2, 10,  9],
    [ 9,  3,  9,  2, 10],
    [10,  9,  3,  9,  2]], order=2^8)
inv:
GF([[100, 171, 229, 148, 126],
    [126, 100, 171, 229, 148],
    [148, 126, 100, 171, 229],
    [229, 148, 126, 100, 171],
    [171, 229, 148, 126, 100]], order=2^8)
===================================
Comparing to photon_5x5
- beats xor_enc: 40 vs 44
