xor_enc: 45
xtime_enc: 45
=========
xor_dec: 130
xtime_dec: 155
=========
xor_sum: 175
xtime_sum: 200
mat:
GF([[ 2,  3, 10,  5,  7],
    [ 7,  2,  3, 10,  5],
    [ 5,  7,  2,  3, 10],
    [10,  5,  7,  2,  3],
    [ 3, 10,  5,  7,  2]], order=2^8)
inv:
GF([[127,  83,  41, 247, 189],
    [189, 127,  83,  41, 247],
    [247, 189, 127,  83,  41],
    [ 41, 247, 189, 127,  83],
    [ 83,  41, 247, 189, 127]], order=2^8)
===================================
Comparing to photon_5x5
- beats xtime_enc: 45 vs 52
