xor_enc: 40
xtime_enc: 55
=========
xor_dec: 80
xtime_dec: 125
=========
xor_sum: 120
xtime_sum: 180
mat:
GF([[ 1,  8,  7, 10, 10],
    [10,  1,  8,  7, 10],
    [10, 10,  1,  8,  7],
    [ 7, 10, 10,  1,  8],
    [ 8,  7, 10, 10,  1]], order=2^8)
inv:
GF([[ 10, 246, 112, 101,  12],
    [ 12,  10, 246, 112, 101],
    [101,  12,  10, 246, 112],
    [112, 101,  12,  10, 246],
    [246, 112, 101,  12,  10]], order=2^8)
===================================
Comparing to photon_5x5
- beats xor_enc: 40 vs 44
