xor_enc: 45
xtime_enc: 45
=========
xor_dec: 85
xtime_dec: 150
=========
xor_sum: 130
xtime_sum: 195
mat:
GF([[ 3,  1,  7,  9, 10],
    [10,  3,  1,  7,  9],
    [ 9, 10,  3,  1,  7],
    [ 7,  9, 10,  3,  1],
    [ 1,  7,  9, 10,  3]], order=2^8)
inv:
GF([[ 83,  20,  82, 216, 182],
    [182,  83,  20,  82, 216],
    [216, 182,  83,  20,  82],
    [ 82, 216, 182,  83,  20],
    [ 20,  82, 216, 182,  83]], order=2^8)
===================================
Comparing to photon_5x5
- beats xtime_enc: 45 vs 52
