xor_enc: 30
xtime_enc: 60
=========
xor_dec: 80
xtime_dec: 140
=========
xor_sum: 110
xtime_sum: 200
mat:
GF([[ 2,  8,  4, 10, 10],
    [10,  2,  8,  4, 10],
    [10, 10,  2,  8,  4],
    [ 4, 10, 10,  2,  8],
    [ 8,  4, 10, 10,  2]], order=2^8)
inv:
GF([[ 84,  99,  34,  19, 227],
    [227,  84,  99,  34,  19],
    [ 19, 227,  84,  99,  34],
    [ 34,  19, 227,  84,  99],
    [ 99,  34,  19, 227,  84]], order=2^8)
===================================
Comparing to photon_5x5
- beats xor_enc: 30 vs 44
