xor_enc: 45
xtime_enc: 45
=========
xor_dec: 85
xtime_dec: 140
=========
xor_sum: 130
xtime_sum: 185
mat:
GF([[ 1,  3,  9, 10,  7],
    [ 7,  1,  3,  9, 10],
    [10,  7,  1,  3,  9],
    [ 9, 10,  7,  1,  3],
    [ 3,  9, 10,  7,  1]], order=2^8)
inv:
GF([[148, 252,   4,  88,  79],
    [ 79, 148, 252,   4,  88],
    [ 88,  79, 148, 252,   4],
    [  4,  88,  79, 148, 252],
    [252,   4,  88,  79, 148]], order=2^8)
===================================
Comparing to photon_5x5
- beats xtime_enc: 45 vs 52
