xor_enc: 45
xtime_enc: 50
=========
xor_dec: 80
xtime_dec: 150
=========
xor_sum: 125
xtime_sum: 200
mat:
GF([[ 2,  4,  7, 10,  7],
    [ 7,  2,  4,  7, 10],
    [10,  7,  2,  4,  7],
    [ 7, 10,  7,  2,  4],
    [ 4,  7, 10,  7,  2]], order=2^8)
inv:
GF([[131,   8, 220, 141, 106],
    [106, 131,   8, 220, 141],
    [141, 106, 131,   8, 220],
    [220, 141, 106, 131,   8],
    [  8, 220, 141, 106, 131]], order=2^8)
===================================
Comparing to photon_5x5
- beats xtime_enc: 50 vs 52
