xor_enc: 40
xtime_enc: 60
=========
xor_dec: 70
xtime_dec: 135
=========
xor_sum: 110
xtime_sum: 195
mat:
GF([[ 2,  7,  9,  8, 10],
    [10,  2,  7,  9,  8],
    [ 8, 10,  2,  7,  9],
    [ 9,  8, 10,  2,  7],
    [ 7,  9,  8, 10,  2]], order=2^8)
inv:
GF([[108,   7,  66,  69, 137],
    [137, 108,   7,  66,  69],
    [ 69, 137, 108,   7,  66],
    [ 66,  69, 137, 108,   7],
    [  7,  66,  69, 137, 108]], order=2^8)
===================================
Comparing to photon_5x5
- beats xor_enc: 40 vs 44
