xor_enc: 35
xtime_enc: 60
=========
xor_dec: 85
xtime_dec: 135
=========
xor_sum: 120
xtime_sum: 195
mat:
GF([[ 1,  8, 10,  9,  9],
    [ 9,  1,  8, 10,  9],
    [ 9,  9,  1,  8, 10],
    [10,  9,  9,  1,  8],
    [ 8, 10,  9,  9,  1]], order=2^8)
inv:
GF([[  8, 106, 107, 209,  46],
    [ 46,   8, 106, 107, 209],
    [209,  46,   8, 106, 107],
    [107, 209,  46,   8, 106],
    [106, 107, 209,  46,   8]], order=2^8)
===================================
Comparing to photon_5x5
- beats xor_enc: 35 vs 44
