xor_enc: 45
xtime_enc: 50
=========
xor_dec: 100
xtime_dec: 165
=========
xor_sum: 145
xtime_sum: 215
mat:
GF([[ 2,  7,  5, 10,  5],
    [ 5,  2,  7,  5, 10],
    [10,  5,  2,  7,  5],
    [ 5, 10,  5,  2,  7],
    [ 7,  5, 10,  5,  2]], order=2^8)
inv:
GF([[ 66, 211, 233, 254,  65],
    [ 65,  66, 211, 233, 254],
    [254,  65,  66, 211, 233],
    [233, 254,  65,  66, 211],
    [211, 233, 254,  65,  66]], order=2^8)
===================================
Comparing to photon_5x5
- beats xtime_enc: 50 vs 52
