xor_enc: 45
xtime_enc: 40
=========
xor_dec: 90
xtime_dec: 125
=========
xor_sum: 135
xtime_sum: 165
mat:
GF([[ 1,  2, 10,  7,  7],
    [ 7,  1,  2, 10,  7],
    [ 7,  7,  1,  2, 10],
    [10,  7,  7,  1,  2],
    [ 2, 10,  7,  7,  1]], order=2^8)
inv:
GF([[ 70,  53, 239, 210,   1],
    [  1,  70,  53, 239, 210],
    [210,   1,  70,  53, 239],
    [239, 210,   1,  70,  53],
    [ 53, 239, 210,   1,  70]], order=2^8)
===================================
Comparing to photon_5x5
- beats xtime_enc: 40 vs 52
