xor_enc: 30
xtime_enc: 55
=========
xor_dec: 80
xtime_dec: 145
=========
xor_sum: 110
xtime_sum: 200
mat:
GF([[ 1,  8,  8, 10,  5],
    [ 5,  1,  8,  8, 10],
    [10,  5,  1,  8,  8],
    [ 8, 10,  5,  1,  8],
    [ 8,  8, 10,  5,  1]], order=2^8)
inv:
GF([[ 97, 194, 205, 142,   5],
    [  5,  97, 194, 205, 142],
    [142,   5,  97, 194, 205],
    [205, 142,   5,  97, 194],
    [194, 205, 142,   5,  97]], order=2^8)
===================================
Comparing to photon_5x5
- beats xor_enc: 30 vs 44
