xor_enc: 30
xtime_enc: 60
=========
xor_dec: 75
xtime_dec: 150
=========
xor_sum: 105
xtime_sum: 210
mat:
GF([[ 1,  8,  9,  8, 10],
    [10,  1,  8,  9,  8],
    [ 8, 10,  1,  8,  9],
    [ 9,  8, 10,  1,  8],
    [ 8,  9,  8, 10,  1]], order=2^8)
inv:
GF([[ 20, 148, 184, 130,  55],
    [ 55,  20, 148, 184, 130],
    [130,  55,  20, 148, 184],
    [184, 130,  55,  20, 148],
    [148, 184, 130,  55,  20]], order=2^8)
===================================
Comparing to photon_5x5
- beats xor_enc: 30 vs 44
