xor_enc: 45
xtime_enc: 45
=========
xor_dec: 80
xtime_dec: 150
=========
xor_sum: 125
xtime_sum: 195
mat:
GF([[ 2, 10,  7,  3,  6],
    [ 6,  2, 10,  7,  3],
    [ 3,  6,  2, 10,  7],
    [ 7,  3,  6,  2, 10],
    [10,  7,  3,  6,  2]], order=2^8)
inv:
GF([[ 92, 198,  18, 113, 208],
    [208,  92, 198,  18, 113],
    [113, 208,  92, 198,  18],
    [ 18, 113, 208,  92, 198],
    [198,  18, 113, 208,  92]], order=2^8)
===================================
Comparing to photon_5x5
- beats xtime_enc: 45 vs 52
