xor_enc: 50
xtime_enc: 45
=========
xor_dec: 85
xtime_dec: 165
=========
xor_sum: 135
xtime_sum: 210
mat:
GF([[ 3,  3,  6,  7, 10],
    [10,  3,  3,  6,  7],
    [ 7, 10,  3,  3,  6],
    [ 6,  7, 10,  3,  3],
    [ 3,  6,  7, 10,  3]], order=2^8)
inv:
GF([[ 83, 220,  96, 133, 170],
    [170,  83, 220,  96, 133],
    [133, 170,  83, 220,  96],
    [ 96, 133, 170,  83, 220],
    [220,  96, 133, 170,  83]], order=2^8)
===================================
Comparing to photon_5x5
- beats xtime_enc: 45 vs 52
