xor_enc: 35
xtime_enc: 55
=========
xor_dec: 100
xtime_dec: 145
=========
xor_sum: 135
xtime_sum: 200
mat:
GF([[ 1,  8, 10,  9,  6],
    [ 6,  1,  8, 10,  9],
    [ 9,  6,  1,  8, 10],
    [10,  9,  6,  1,  8],
    [ 8, 10,  9,  6,  1]], order=2^8)
inv:
GF([[  9, 184, 211,  55, 229],
    [229,   9, 184, 211,  55],
    [ 55, 229,   9, 184, 211],
    [211,  55, 229,   9, 184],
    [184, 211,  55, 229,   9]], order=2^8)
===================================
Comparing to photon_5x5
- beats xor_enc: 35 vs 44
