xor_enc: 35
xtime_enc: 60
=========
xor_dec: 100
xtime_dec: 150
=========
xor_sum: 135
xtime_sum: 210
mat:
GF([[ 2,  9,  6, 10,  8],
    [ 8,  2,  9,  6, 10],
    [10,  8,  2,  9,  6],
    [ 6, 10,  8,  2,  9],
    [ 9,  6, 10,  8,  2]], order=2^8)
inv:
GF([[186, 245,  29,  49, 164],
    [164, 186, 245,  29,  49],
    [ 49, 164, 186, 245,  29],
    [ 29,  49, 164, 186, 245],
    [245,  29,  49, 164, 186]], order=2^8)
===================================
Comparing to photon_5x5
- beats xor_enc: 35 vs 44
