xor_enc: 45
xtime_enc: 50
=========
xor_dec: 95
xtime_dec: 150
=========
xor_sum: 140
xtime_sum: 200
mat:
GF([[ 2, 10,  7, 10,  3],
    [ 3,  2, 10,  7, 10],
    [10,  3,  2, 10,  7],
    [ 7, 10,  3,  2, 10],
    [10,  7, 10,  3,  2]], order=2^8)
inv:
GF([[147, 110,  93, 202,  17],
    [ 17, 147, 110,  93, 202],
    [202,  17, 147, 110,  93],
    [ 93, 202,  17, 147, 110],
    [110,  93, 202,  17, 147]], order=2^8)
===================================
Comparing to photon_5x5
- beats xtime_enc: 50 vs 52
