xor_enc: 45
xtime_enc: 45
=========
xor_dec: 85
xtime_dec: 150
=========
xor_sum: 130
xtime_sum: 195
mat:
GF([[ 1,  3, 10,  9,  7],
    [ 7,  1,  3, 10,  9],
    [ 9,  7,  1,  3, 10],
    [10,  9,  7,  1,  3],
    [ 3, 10,  9,  7,  1]], order=2^8)
inv:
GF([[182, 216,  82,  20,  83],
    [ 83, 182, 216,  82,  20],
    [ 20,  83, 182, 216,  82],
    [ 82,  20,  83, 182, 216],
    [216,  82,  20,  83, 182]], order=2^8)
===================================
Comparing to photon_5x5
- beats xtime_enc: 45 vs 52
