xor_enc: 35
xtime_enc: 55
=========
xor_dec: 70
xtime_dec: 140
=========
xor_sum: 105
xtime_sum: 195
mat:
GF([[ 1, 10,  9,  5,  8],
    [ 8,  1, 10,  9,  5],
    [ 5,  8,  1, 10,  9],
    [ 9,  5,  8,  1, 10],
    [10,  9,  5,  8,  1]], order=2^8)
inv:
GF([[230, 144,   2, 113, 194],
    [194, 230, 144,   2, 113],
    [113, 194, 230, 144,   2],
    [  2, 113, 194, 230, 144],
    [144,   2, 113, 194, 230]], order=2^8)
===================================
Comparing to photon_5x5
- beats xor_enc: 35 vs 44
