xor_enc: 35
xtime_enc: 55
=========
xor_dec: 80
xtime_dec: 150
=========
xor_sum: 115
xtime_sum: 205
mat:
GF([[ 1, 10,  9,  4, 10],
    [10,  1, 10,  9,  4],
    [ 4, 10,  1, 10,  9],
    [ 9,  4, 10,  1, 10],
    [10,  9,  4, 10,  1]], order=2^8)
inv:
GF([[137,  13, 249, 137,  68],
    [ 68, 137,  13, 249, 137],
    [137,  68, 137,  13, 249],
    [249, 137,  68, 137,  13],
    [ 13, 249, 137,  68, 137]], order=2^8)
===================================
Comparing to photon_5x5
- beats xor_enc: 35 vs 44
