xor_enc: 50
xtime_enc: 45
=========
xor_dec: 55
xtime_dec: 140
=========
xor_sum: 105
xtime_sum: 185
mat:
GF([[ 2,  7,  7,  3, 10],
    [10,  2,  7,  7,  3],
    [ 3, 10,  2,  7,  7],
    [ 7,  3, 10,  2,  7],
    [ 7,  7,  3, 10,  2]], order=2^8)
inv:
GF([[ 20,   9, 152, 197, 128],
    [128,  20,   9, 152, 197],
    [197, 128,  20,   9, 152],
    [152, 197, 128,  20,   9],
    [  9, 152, 197, 128,  20]], order=2^8)
===================================
Comparing to photon_5x5
- beats xtime_enc: 45 vs 52
