xor_enc: 40
xtime_enc: 60
=========
xor_dec: 90
xtime_dec: 150
=========
xor_sum: 130
xtime_sum: 210
mat:
GF([[ 2, 10,  5, 10,  9],
    [ 9,  2, 10,  5, 10],
    [10,  9,  2, 10,  5],
    [ 5, 10,  9,  2, 10],
    [10,  5, 10,  9,  2]], order=2^8)
inv:
GF([[ 85,  37, 160,  95, 106],
    [106,  85,  37, 160,  95],
    [ 95, 106,  85,  37, 160],
    [160,  95, 106,  85,  37],
    [ 37, 160,  95, 106,  85]], order=2^8)
===================================
Comparing to photon_5x5
- beats xor_enc: 40 vs 44
