xor_enc: 50
xtime_enc: 45
=========
xor_dec: 80
xtime_dec: 145
=========
xor_sum: 130
xtime_sum: 190
mat:
GF([[ 1,  7, 10,  7,  5],
    [ 5,  1,  7, 10,  7],
    [ 7,  5,  1,  7, 10],
    [10,  7,  5,  1,  7],
    [ 7, 10,  7,  5,  1]], order=2^8)
inv:
GF([[ 78,  16,  87, 170,  70],
    [ 70,  78,  16,  87, 170],
    [170,  70,  78,  16,  87],
    [ 87, 170,  70,  78,  16],
    [ 16,  87, 170,  70,  78]], order=2^8)
===================================
Comparing to photon_5x5
- beats xtime_enc: 45 vs 52
