xor_enc: 45
xtime_enc: 50
=========
xor_dec: 65
xtime_dec: 150
=========
xor_sum: 110
xtime_sum: 200
mat:
GF([[ 2,  3, 10, 10,  7],
    [ 7,  2,  3, 10, 10],
    [10,  7,  2,  3, 10],
    [10, 10,  7,  2,  3],
    [ 3, 10, 10,  7,  2]], order=2^8)
inv:
GF([[179, 145,  32,  64,  57],
    [ 57, 179, 145,  32,  64],
    [ 64,  57, 179, 145,  32],
    [ 32,  64,  57, 179, 145],
    [145,  32,  64,  57, 179]], order=2^8)
===================================
Comparing to photon_5x5
- beats xtime_enc: 50 vs 52
