xor_enc: 45
xtime_enc: 50
=========
xor_dec: 90
xtime_dec: 150
=========
xor_sum: 135
xtime_sum: 200
mat:
GF([[ 2,  5,  6, 10,  7],
    [ 7,  2,  5,  6, 10],
    [10,  7,  2,  5,  6],
    [ 6, 10,  7,  2,  5],
    [ 5,  6, 10,  7,  2]], order=2^8)
inv:
GF([[114,  82,  44, 254,  66],
    [ 66, 114,  82,  44, 254],
    [254,  66, 114,  82,  44],
    [ 44, 254,  66, 114,  82],
    [ 82,  44, 254,  66, 114]], order=2^8)
===================================
Comparing to photon_5x5
- beats xtime_enc: 50 vs 52
