xor_enc: 45
xtime_enc: 35
=========
xor_dec: 130
xtime_dec: 160
=========
xor_sum: 175
xtime_sum: 195
mat:
GF([[ 1, 10,  7,  3,  3],
    [ 3,  1, 10,  7,  3],
    [ 3,  3,  1, 10,  7],
    [ 7,  3,  3,  1, 10],
    [10,  7,  3,  3,  1]], order=2^8)
inv:
GF([[189,  47, 175, 230, 107],
    [107, 189,  47, 175, 230],
    [230, 107, 189,  47, 175],
    [175, 230, 107, 189,  47],
    [ 47, 175, 230, 107, 189]], order=2^8)
===================================
Comparing to photon_5x5
- beats xtime_enc: 35 vs 52
