xor_enc: 55
xtime_enc: 45
=========
xor_dec: 70
xtime_dec: 155
=========
xor_sum: 125
xtime_sum: 200
mat:
GF([[ 3,  3,  7, 10,  7],
    [ 7,  3,  3,  7, 10],
    [10,  7,  3,  3,  7],
    [ 7, 10,  7,  3,  3],
    [ 3,  7, 10,  7,  3]], order=2^8)
inv:
GF([[161,  67,  41,  67, 161],
    [161, 161,  67,  41,  67],
    [ 67, 161, 161,  67,  41],
    [ 41,  67, 161, 161,  67],
    [ 67,  41,  67, 161, 161]], order=2^8)
===================================
Comparing to photon_5x5
- beats xtime_enc: 45 vs 52
