xor_enc: 40
xtime_enc: 55
=========
xor_dec: 80
xtime_dec: 135
=========
xor_sum: 120
xtime_sum: 190
mat:
GF([[ 2,  6,  8, 10,  7],
    [ 7,  2,  6,  8, 10],
    [10,  7,  2,  6,  8],
    [ 8, 10,  7,  2,  6],
    [ 6,  8, 10,  7,  2]], order=2^8)
inv:
GF([[ 94, 193, 208,   3,  77],
    [ 77,  94, 193, 208,   3],
    [  3,  77,  94, 193, 208],
    [208,   3,  77,  94, 193],
    [193, 208,   3,  77,  94]], order=2^8)
===================================
Comparing to photon_5x5
- beats xor_enc: 40 vs 44
