xor_enc: 40
xtime_enc: 55
=========
xor_dec: 95
xtime_dec: 150
=========
xor_sum: 135
xtime_sum: 205
mat:
GF([[ 1,  5, 10,  9, 10],
    [10,  1,  5, 10,  9],
    [ 9, 10,  1,  5, 10],
    [10,  9, 10,  1,  5],
    [ 5, 10,  9, 10,  1]], order=2^8)
inv:
GF([[171, 197,  28, 170,  57],
    [ 57, 171, 197,  28, 170],
    [170,  57, 171, 197,  28],
    [ 28, 170,  57, 171, 197],
    [197,  28, 170,  57, 171]], order=2^8)
===================================
Comparing to photon_5x5
- beats xor_enc: 40 vs 44
