xor_enc: 45
xtime_enc: 40
=========
xor_dec: 60
xtime_dec: 135
=========
xor_sum: 105
xtime_sum: 175
mat:
GF([[ 3,  3, 10,  7,  2],
    [ 2,  3,  3, 10,  7],
    [ 7,  2,  3,  3, 10],
    [10,  7,  2,  3,  3],
    [ 3, 10,  7,  2,  3]], order=2^8)
inv:
GF([[128, 105,  67,   5, 104],
    [104, 128, 105,  67,   5],
    [  5, 104, 128, 105,  67],
    [ 67,   5, 104, 128, 105],
    [105,  67,   5, 104, 128]], order=2^8)
===================================
Comparing to photon_5x5
- beats xtime_enc: 40 vs 52
