xor_enc: 40
xtime_enc: 55
=========
xor_dec: 90
xtime_dec: 145
=========
xor_sum: 130
xtime_sum: 200
mat:
GF([[ 2,  5,  9,  5, 10],
    [10,  2,  5,  9,  5],
    [ 5, 10,  2,  5,  9],
    [ 9,  5, 10,  2,  5],
    [ 5,  9,  5, 10,  2]], order=2^8)
inv:
GF([[ 59, 183,  39, 130,  40],
    [ 40,  59, 183,  39, 130],
    [130,  40,  59, 183,  39],
    [ 39, 130,  40,  59, 183],
    [183,  39, 130,  40,  59]], order=2^8)
===================================
Comparing to photon_5x5
- beats xor_enc: 40 vs 44
