xor_enc: 40
xtime_enc: 55
=========
xor_dec: 115
xtime_dec: 140
=========
xor_sum: 155
xtime_sum: 195
mat:
GF([[ 1,  9,  6, 10,  9],
    [ 9,  1,  9,  6, 10],
    [10,  9,  1,  9,  6],
    [ 6, 10,  9,  1,  9],
    [ 9,  6, 10,  9,  1]], order=2^8)
inv:
GF([[ 41,  57,  55, 187, 125],
    [125,  41,  57,  55, 187],
    [187, 125,  41,  57,  55],
    [ 55, 187, 125,  41,  57],
    [ 57,  55, 187, 125,  41]], order=2^8)
===================================
Comparing to photon_5x5
- beats xor_enc: 40 vs 44
