xor_enc: 35
xtime_enc: 55
=========
xor_dec: 105
xtime_dec: 150
=========
xor_sum: 140
xtime_sum: 205
mat:
GF([[ 2, 10,  6,  8,  5],
    [ 5,  2, 10,  6,  8],
    [ 8,  5,  2, 10,  6],
    [ 6,  8,  5,  2, 10],
    [10,  6,  8,  5,  2]], order=2^8)
inv:
GF([[226,  15, 102, 218, 167],
    [167, 226,  15, 102, 218],
    [218, 167, 226,  15, 102],
    [102, 218, 167, 226,  15],
    [ 15, 102, 218, 167, 226]], order=2^8)
===================================
Comparing to photon_5x5
- beats xor_enc: 35 vs 44
