xor_enc: 35
xtime_enc: 55
=========
xor_dec: 70
xtime_dec: 115
=========
xor_sum: 105
xtime_sum: 170
mat:
GF([[ 2,  3, 10,  8,  9],
    [ 9,  2,  3, 10,  8],
    [ 8,  9,  2,  3, 10],
    [10,  8,  9,  2,  3],
    [ 3, 10,  8,  9,  2]], order=2^8)
inv:
GF([[  5,  10,  19, 169, 156],
    [156,   5,  10,  19, 169],
    [169, 156,   5,  10,  19],
    [ 19, 169, 156,   5,  10],
    [ 10,  19, 169, 156,   5]], order=2^8)
===================================
Comparing to photon_5x5
- beats xor_enc: 35 vs 44
