xor_enc: 45
xtime_enc: 50
=========
xor_dec: 90
xtime_dec: 145
=========
xor_sum: 135
xtime_sum: 195
mat:
GF([[ 2,  6,  5,  7, 10],
    [10,  2,  6,  5,  7],
    [ 7, 10,  2,  6,  5],
    [ 5,  7, 10,  2,  6],
    [ 6,  5,  7, 10,  2]], order=2^8)
inv:
GF([[137,   7,  75, 166, 211],
    [211, 137,   7,  75, 166],
    [166, 211, 137,   7,  75],
    [ 75, 166, 211, 137,   7],
    [  7,  75, 166, 211, 137]], order=2^8)
===================================
Comparing to photon_5x5
- beats xtime_enc: 50 vs 52
