xor_enc: 35
xtime_enc: 55
=========
xor_dec: 65
xtime_dec: 145
=========
xor_sum: 100
xtime_sum: 200
mat:
GF([[ 2,  7,  8,  4, 10],
    [10,  2,  7,  8,  4],
    [ 4, 10,  2,  7,  8],
    [ 8,  4, 10,  2,  7],
    [ 7,  8,  4, 10,  2]], order=2^8)
inv:
GF([[ 64, 177, 203, 200,   4],
    [  4,  64, 177, 203, 200],
    [200,   4,  64, 177, 203],
    [203, 200,   4,  64, 177],
    [177, 203, 200,   4,  64]], order=2^8)
===================================
Comparing to photon_5x5
- beats xor_enc: 35 vs 44
