xor_enc: 45
xtime_enc: 50
=========
xor_dec: 55
xtime_dec: 105
=========
xor_sum: 100
xtime_sum: 155
mat:
GF([[ 1,  9,  7,  6, 10],
    [10,  1,  9,  7,  6],
    [ 6, 10,  1,  9,  7],
    [ 7,  6, 10,  1,  9],
    [ 9,  7,  6, 10,  1]], order=2^8)
inv:
GF([[  8,   3,  49, 232,  36],
    [ 36,   8,   3,  49, 232],
    [232,  36,   8,   3,  49],
    [ 49, 232,  36,   8,   3],
    [  3,  49, 232,  36,   8]], order=2^8)
===================================
Comparing to photon_5x5
- beats xtime_enc: 50 vs 52
