xor_enc: 40
xtime_enc: 55
=========
xor_dec: 85
xtime_dec: 150
=========
xor_sum: 125
xtime_sum: 205
mat:
GF([[ 1, 10,  9,  5, 10],
    [10,  1, 10,  9,  5],
    [ 5, 10,  1, 10,  9],
    [ 9,  5, 10,  1, 10],
    [10,  9,  5, 10,  1]], order=2^8)
inv:
GF([[207, 135,  27,  32, 146],
    [146, 207, 135,  27,  32],
    [ 32, 146, 207, 135,  27],
    [ 27,  32, 146, 207, 135],
    [135,  27,  32, 146, 207]], order=2^8)
===================================
Comparing to photon_5x5
- beats xor_enc: 40 vs 44
