xor_enc: 40
xtime_enc: 65
=========
xor_dec: 85
xtime_dec: 175
=========
xor_sum: 125
xtime_sum: 240
mat:
GF([[ 2,  9, 10, 10,  9],
    [ 9,  2,  9, 10, 10],
    [10,  9,  2,  9, 10],
    [10, 10,  9,  2,  9],
    [ 9, 10, 10,  9,  2]], order=2^8)
inv:
GF([[141, 172, 131, 131, 172],
    [172, 141, 172, 131, 131],
    [131, 172, 141, 172, 131],
    [131, 131, 172, 141, 172],
    [172, 131, 131, 172, 141]], order=2^8)
===================================
Comparing to photon_5x5
- beats xor_enc: 40 vs 44
