xor_enc: 50
xtime_enc: 45
=========
xor_dec: 100
xtime_dec: 165
=========
xor_sum: 150
xtime_sum: 210
mat:
GF([[ 1,  7,  5, 10,  7],
    [ 7,  1,  7,  5, 10],
    [10,  7,  1,  7,  5],
    [ 5, 10,  7,  1,  7],
    [ 7,  5, 10,  7,  1]], order=2^8)
inv:
GF([[153,  69,  79, 229, 147],
    [147, 153,  69,  79, 229],
    [229, 147, 153,  69,  79],
    [ 79, 229, 147, 153,  69],
    [ 69,  79, 229, 147, 153]], order=2^8)
===================================
Comparing to photon_5x5
- beats xtime_enc: 45 vs 52
