xor_enc: 45
xtime_enc: 40
=========
xor_dec: 80
xtime_dec: 155
=========
xor_sum: 125
xtime_sum: 195
mat:
GF([[ 1, 10,  7,  3,  5],
    [ 5,  1, 10,  7,  3],
    [ 3,  5,  1, 10,  7],
    [ 7,  3,  5,  1, 10],
    [10,  7,  3,  5,  1]], order=2^8)
inv:
GF([[174,  74,  36,  67, 170],
    [170, 174,  74,  36,  67],
    [ 67, 170, 174,  74,  36],
    [ 36,  67, 170, 174,  74],
    [ 74,  36,  67, 170, 174]], order=2^8)
===================================
Comparing to photon_5x5
- beats xtime_enc: 40 vs 52
