xor_enc: 40
xtime_enc: 55
=========
xor_dec: 85
xtime_dec: 110
=========
xor_sum: 125
xtime_sum: 165
mat:
GF([[ 2, 10,  8,  5,  7],
    [ 7,  2, 10,  8,  5],
    [ 5,  7,  2, 10,  8],
    [ 8,  5,  7,  2, 10],
    [10,  8,  5,  7,  2]], order=2^8)
inv:
GF([[183, 123,   4,  71,   2],
    [  2, 183, 123,   4,  71],
    [ 71,   2, 183, 123,   4],
    [  4,  71,   2, 183, 123],
    [123,   4,  71,   2, 183]], order=2^8)
===================================
Comparing to photon_5x5
- beats xor_enc: 40 vs 44
