xor_enc: 35
xtime_enc: 55
=========
xor_dec: 90
xtime_dec: 145
=========
xor_sum: 125
xtime_sum: 200
mat:
GF([[ 2,  9,  8,  3, 10],
    [10,  2,  9,  8,  3],
    [ 3, 10,  2,  9,  8],
    [ 8,  3, 10,  2,  9],
    [ 9,  8,  3, 10,  2]], order=2^8)
inv:
GF([[236, 145,  16, 125,  57],
    [ 57, 236, 145,  16, 125],
    [125,  57, 236, 145,  16],
    [ 16, 125,  57, 236, 145],
    [145,  16, 125,  57, 236]], order=2^8)
===================================
Comparing to photon_5x5
- beats xor_enc: 35 vs 44
