xor_enc: 45
xtime_enc: 45
=========
xor_dec: 90
xtime_dec: 130
=========
xor_sum: 135
xtime_sum: 175
mat:
GF([[ 1,  7, 10,  5,  5],
    [ 5,  1,  7, 10,  5],
    [ 5,  5,  1,  7, 10],
    [10,  5,  5,  1,  7],
    [ 7, 10,  5,  5,  1]], order=2^8)
inv:
GF([[  5, 194, 183, 203,  11],
    [ 11,   5, 194, 183, 203],
    [203,  11,   5, 194, 183],
    [183, 203,  11,   5, 194],
    [194, 183, 203,  11,   5]], order=2^8)
===================================
Comparing to photon_5x5
- beats xtime_enc: 45 vs 52
