xor_enc: 45
xtime_enc: 40
=========
xor_dec: 90
xtime_dec: 125
=========
xor_sum: 135
xtime_sum: 165
mat:
GF([[ 1,  7,  7, 10,  2],
    [ 2,  1,  7,  7, 10],
    [10,  2,  1,  7,  7],
    [ 7, 10,  2,  1,  7],
    [ 7,  7, 10,  2,  1]], order=2^8)
inv:
GF([[ 70,   1, 210, 239,  53],
    [ 53,  70,   1, 210, 239],
    [239,  53,  70,   1, 210],
    [210, 239,  53,  70,   1],
    [  1, 210, 239,  53,  70]], order=2^8)
===================================
Comparing to photon_5x5
- beats xtime_enc: 40 vs 52
