xor_enc: 40
xtime_enc: 60
=========
xor_dec: 85
xtime_dec: 155
=========
xor_sum: 125
xtime_sum: 215
mat:
GF([[ 2,  7,  8, 10, 10],
    [10,  2,  7,  8, 10],
    [10, 10,  2,  7,  8],
    [ 8, 10, 10,  2,  7],
    [ 7,  8, 10, 10,  2]], order=2^8)
inv:
GF([[182,  96, 238, 200,  17],
    [ 17, 182,  96, 238, 200],
    [200,  17, 182,  96, 238],
    [238, 200,  17, 182,  96],
    [ 96, 238, 200,  17, 182]], order=2^8)
===================================
Comparing to photon_5x5
- beats xor_enc: 40 vs 44
