xor_enc: 40
xtime_enc: 55
=========
xor_dec: 105
xtime_dec: 135
=========
xor_sum: 145
xtime_sum: 190
mat:
GF([[ 2,  9,  3, 10,  9],
    [ 9,  2,  9,  3, 10],
    [10,  9,  2,  9,  3],
    [ 3, 10,  9,  2,  9],
    [ 9,  3, 10,  9,  2]], order=2^8)
inv:
GF([[  6, 252, 210,  30, 246],
    [246,   6, 252, 210,  30],
    [ 30, 246,   6, 252, 210],
    [210,  30, 246,   6, 252],
    [252, 210,  30, 246,   6]], order=2^8)
===================================
Comparing to photon_5x5
- beats xor_enc: 40 vs 44
