xor_enc: 45
xtime_enc: 50
=========
xor_dec: 105
xtime_dec: 150
=========
xor_sum: 150
xtime_sum: 200
mat:
GF([[ 1, 10, 10,  7,  5],
    [ 5,  1, 10, 10,  7],
    [ 7,  5,  1, 10, 10],
    [10,  7,  5,  1, 10],
    [10, 10,  7,  5,  1]], order=2^8)
inv:
GF([[123, 118,  32, 191, 100],
    [100, 123, 118,  32, 191],
    [191, 100, 123, 118,  32],
    [ 32, 191, 100, 123, 118],
    [118,  32, 191, 100, 123]], order=2^8)
===================================
Comparing to photon_5x5
- beats xtime_enc: 50 vs 52
