xor_enc: 40
xtime_enc: 60
=========
xor_dec: 85
xtime_dec: 175
=========
xor_sum: 125
xtime_sum: 235
mat:
GF([[ 2,  9, 10,  9,  5],
    [ 5,  2,  9, 10,  9],
    [ 9,  5,  2,  9, 10],
    [10,  9,  5,  2,  9],
    [ 9, 10,  9,  5,  2]], order=2^8)
inv:
GF([[225, 232, 132, 197, 169],
    [169, 225, 232, 132, 197],
    [197, 169, 225, 232, 132],
    [132, 197, 169, 225, 232],
    [232, 132, 197, 169, 225]], order=2^8)
===================================
Comparing to photon_5x5
- beats xor_enc: 40 vs 44
