xor_enc: 30
xtime_enc: 55
=========
xor_dec: 75
xtime_dec: 160
=========
xor_sum: 105
xtime_sum: 215
mat:
GF([[ 2,  8,  4,  6, 10],
    [10,  2,  8,  4,  6],
    [ 6, 10,  2,  8,  4],
    [ 4,  6, 10,  2,  8],
    [ 8,  4,  6, 10,  2]], order=2^8)
inv:
GF([[146, 200,  96,  56, 143],
    [143, 146, 200,  96,  56],
    [ 56, 143, 146, 200,  96],
    [ 96,  56, 143, 146, 200],
    [200,  96,  56, 143, 146]], order=2^8)
===================================
Comparing to photon_5x5
- beats xor_enc: 30 vs 44
