xor_enc: 45
xtime_enc: 45
=========
xor_dec: 90
xtime_dec: 160
=========
xor_sum: 135
xtime_sum: 205
mat:
GF([[ 3,  3,  7,  4, 10],
    [10,  3,  3,  7,  4],
    [ 4, 10,  3,  3,  7],
    [ 7,  4, 10,  3,  3],
    [ 3,  7,  4, 10,  3]], order=2^8)
inv:
GF([[101, 169, 118,  65, 180],
    [180, 101, 169, 118,  65],
    [ 65, 180, 101, 169, 118],
    [118,  65, 180, 101, 169],
    [169, 118,  65, 180, 101]], order=2^8)
===================================
Comparing to photon_5x5
- beats xtime_enc: 45 vs 52
