xor_enc: 35
xtime_enc: 55
=========
xor_dec: 95
xtime_dec: 140
=========
xor_sum: 130
xtime_sum: 195
mat:
GF([[ 2,  4, 10,  6,  9],
    [ 9,  2,  4, 10,  6],
    [ 6,  9,  2,  4, 10],
    [10,  6,  9,  2,  4],
    [ 4, 10,  6,  9,  2]], order=2^8)
inv:
GF([[238, 201,  25,  13, 197],
    [197, 238, 201,  25,  13],
    [ 13, 197, 238, 201,  25],
    [ 25,  13, 197, 238, 201],
    [201,  25,  13, 197, 238]], order=2^8)
===================================
Comparing to photon_5x5
- beats xor_enc: 35 vs 44
