xor_enc: 40
xtime_enc: 55
=========
xor_dec: 100
xtime_dec: 160
=========
xor_sum: 140
xtime_sum: 215
mat:
GF([[ 2, 10, 10,  5,  6],
    [ 6,  2, 10, 10,  5],
    [ 5,  6,  2, 10, 10],
    [10,  5,  6,  2, 10],
    [10, 10,  5,  6,  2]], order=2^8)
inv:
GF([[181, 105, 198,  87,  76],
    [ 76, 181, 105, 198,  87],
    [ 87,  76, 181, 105, 198],
    [198,  87,  76, 181, 105],
    [105, 198,  87,  76, 181]], order=2^8)
===================================
Comparing to photon_5x5
- beats xor_enc: 40 vs 44
