xor_enc: 45
xtime_enc: 50
=========
xor_dec: 90
xtime_dec: 165
=========
xor_sum: 135
xtime_sum: 215
mat:
GF([[ 2,  7,  7, 10,  4],
    [ 4,  2,  7,  7, 10],
    [10,  4,  2,  7,  7],
    [ 7, 10,  4,  2,  7],
    [ 7,  7, 10,  4,  2]], order=2^8)
inv:
GF([[139,  65, 120, 204, 206],
    [206, 139,  65, 120, 204],
    [204, 206, 139,  65, 120],
    [120, 204, 206, 139,  65],
    [ 65, 120, 204, 206, 139]], order=2^8)
===================================
Comparing to photon_5x5
- beats xtime_enc: 50 vs 52
