xor_enc: 30
xtime_enc: 55
=========
xor_dec: 90
xtime_dec: 125
=========
xor_sum: 120
xtime_sum: 180
mat:
GF([[ 3,  4,  4, 10,  8],
    [ 8,  3,  4,  4, 10],
    [10,  8,  3,  4,  4],
    [ 4, 10,  8,  3,  4],
    [ 4,  4, 10,  8,  3]], order=2^8)
inv:
GF([[  2, 254,  62,  32, 227],
    [227,   2, 254,  62,  32],
    [ 32, 227,   2, 254,  62],
    [ 62,  32, 227,   2, 254],
    [254,  62,  32, 227,   2]], order=2^8)
===================================
Comparing to photon_5x5
- beats xor_enc: 30 vs 44
