xor_enc: 30
xtime_enc: 55
=========
xor_dec: 80
xtime_dec: 150
=========
xor_sum: 110
xtime_sum: 205
mat:
GF([[ 1,  4, 10,  9,  8],
    [ 8,  1,  4, 10,  9],
    [ 9,  8,  1,  4, 10],
    [10,  9,  8,  1,  4],
    [ 4, 10,  9,  8,  1]], order=2^8)
inv:
GF([[177, 179,   8, 162,  77],
    [ 77, 177, 179,   8, 162],
    [162,  77, 177, 179,   8],
    [  8, 162,  77, 177, 179],
    [179,   8, 162,  77, 177]], order=2^8)
===================================
Comparing to photon_5x5
- beats xor_enc: 30 vs 44
