xor_enc: 35
xtime_enc: 60
=========
xor_dec: 70
xtime_dec: 105
=========
xor_sum: 105
xtime_sum: 165
mat:
GF([[ 2,  9,  8,  6, 10],
    [10,  2,  9,  8,  6],
    [ 6, 10,  2,  9,  8],
    [ 8,  6, 10,  2,  9],
    [ 9,  8,  6, 10,  2]], order=2^8)
inv:
GF([[ 28, 174,  24,   1, 108],
    [108,  28, 174,  24,   1],
    [  1, 108,  28, 174,  24],
    [ 24,   1, 108,  28, 174],
    [174,  24,   1, 108,  28]], order=2^8)
===================================
Comparing to photon_5x5
- beats xor_enc: 35 vs 44
