xor_enc: 45
xtime_enc: 50
=========
xor_dec: 120
xtime_dec: 155
=========
xor_sum: 165
xtime_sum: 205
mat:
GF([[ 3,  3,  6, 10,  9],
    [ 9,  3,  3,  6, 10],
    [10,  9,  3,  3,  6],
    [ 6, 10,  9,  3,  3],
    [ 3,  6, 10,  9,  3]], order=2^8)
inv:
GF([[ 94, 222, 150, 119,  51],
    [ 51,  94, 222, 150, 119],
    [119,  51,  94, 222, 150],
    [150, 119,  51,  94, 222],
    [222, 150, 119,  51,  94]], order=2^8)
===================================
Comparing to photon_5x5
- beats xtime_enc: 50 vs 52
