xor_enc: 45
xtime_enc: 40
=========
xor_dec: 90
xtime_dec: 145
=========
xor_sum: 135
xtime_sum: 185
mat:
GF([[ 2,  7,  3, 10,  3],
    [ 3,  2,  7,  3, 10],
    [10,  3,  2,  7,  3],
    [ 3, 10,  3,  2,  7],
    [ 7,  3, 10,  3,  2]], order=2^8)
inv:
GF([[ 56,  66,  49, 117, 249],
    [249,  56,  66,  49, 117],
    [117, 249,  56,  66,  49],
    [ 49, 117, 249,  56,  66],
    [ 66,  49, 117, 249,  56]], order=2^8)
===================================
Comparing to photon_5x5
- beats xtime_enc: 40 vs 52
