xor_enc: 40
xtime_enc: 60
=========
xor_dec: 85
xtime_dec: 135
=========
xor_sum: 125
xtime_sum: 195
mat:
GF([[ 2,  9, 10,  5,  9],
    [ 9,  2,  9, 10,  5],
    [ 5,  9,  2,  9, 10],
    [10,  5,  9,  2,  9],
    [ 9, 10,  5,  9,  2]], order=2^8)
inv:
GF([[145,   1, 187, 112, 186],
    [186, 145,   1, 187, 112],
    [112, 186, 145,   1, 187],
    [187, 112, 186, 145,   1],
    [  1, 187, 112, 186, 145]], order=2^8)
===================================
Comparing to photon_5x5
- beats xor_enc: 40 vs 44
