xor_enc: 40
xtime_enc: 55
=========
xor_dec: 105
xtime_dec: 155
=========
xor_sum: 145
xtime_sum: 210
mat:
GF([[ 2,  9, 10,  7,  4],
    [ 4,  2,  9, 10,  7],
    [ 7,  4,  2,  9, 10],
    [10,  7,  4,  2,  9],
    [ 9, 10,  7,  4,  2]], order=2^8)
inv:
GF([[203, 202,  29, 101, 244],
    [244, 203, 202,  29, 101],
    [101, 244, 203, 202,  29],
    [ 29, 101, 244, 203, 202],
    [202,  29, 101, 244, 203]], order=2^8)
===================================
Comparing to photon_5x5
- beats xor_enc: 40 vs 44
