xor_enc: 40
xtime_enc: 55
=========
xor_dec: 95
xtime_dec: 135
=========
xor_sum: 135
xtime_sum: 190
mat:
GF([[ 1,  9,  9,  6, 10],
    [10,  1,  9,  9,  6],
    [ 6, 10,  1,  9,  9],
    [ 9,  6, 10,  1,  9],
    [ 9,  9,  6, 10,  1]], order=2^8)
inv:
GF([[115, 109, 217,  42,  12],
    [ 12, 115, 109, 217,  42],
    [ 42,  12, 115, 109, 217],
    [217,  42,  12, 115, 109],
    [109, 217,  42,  12, 115]], order=2^8)
===================================
Comparing to photon_5x5
- beats xor_enc: 40 vs 44
