xor_enc: 45
xtime_enc: 40
=========
xor_dec: 130
xtime_dec: 145
=========
xor_sum: 175
xtime_sum: 185
mat:
GF([[ 2,  7,  7,  1, 10],
    [10,  2,  7,  7,  1],
    [ 1, 10,  2,  7,  7],
    [ 7,  1, 10,  2,  7],
    [ 7,  7,  1, 10,  2]], order=2^8)
inv:
GF([[124,  63, 233,  26, 255],
    [255, 124,  63, 233,  26],
    [ 26, 255, 124,  63, 233],
    [233,  26, 255, 124,  63],
    [ 63, 233,  26, 255, 124]], order=2^8)
===================================
Comparing to photon_5x5
- beats xtime_enc: 40 vs 52
