xor_enc: 45
xtime_enc: 50
=========
xor_dec: 105
xtime_dec: 165
=========
xor_sum: 150
xtime_sum: 215
mat:
GF([[ 1, 10,  7,  5, 10],
    [10,  1, 10,  7,  5],
    [ 5, 10,  1, 10,  7],
    [ 7,  5, 10,  1, 10],
    [10,  7,  5, 10,  1]], order=2^8)
inv:
GF([[224, 191, 105, 114, 178],
    [178, 224, 191, 105, 114],
    [114, 178, 224, 191, 105],
    [105, 114, 178, 224, 191],
    [191, 105, 114, 178, 224]], order=2^8)
===================================
Comparing to photon_5x5
- beats xtime_enc: 50 vs 52
