xor_enc: 40
xtime_enc: 55
=========
xor_dec: 80
xtime_dec: 165
=========
xor_sum: 120
xtime_sum: 220
mat:
GF([[ 1,  8, 10, 10,  7],
    [ 7,  1,  8, 10, 10],
    [10,  7,  1,  8, 10],
    [10, 10,  7,  1,  8],
    [ 8, 10, 10,  7,  1]], order=2^8)
inv:
GF([[196, 109, 184, 112, 132],
    [132, 196, 109, 184, 112],
    [112, 132, 196, 109, 184],
    [184, 112, 132, 196, 109],
    [109, 184, 112, 132, 196]], order=2^8)
===================================
Comparing to photon_5x5
- beats xor_enc: 40 vs 44
