xor_enc: 45
xtime_enc: 40
=========
xor_dec: 70
xtime_dec: 150
=========
xor_sum: 115
xtime_sum: 190
mat:
GF([[ 3,  1,  5,  7, 10],
    [10,  3,  1,  5,  7],
    [ 7, 10,  3,  1,  5],
    [ 5,  7, 10,  3,  1],
    [ 1,  5,  7, 10,  3]], order=2^8)
inv:
GF([[ 28, 162,  75,  76, 144],
    [144,  28, 162,  75,  76],
    [ 76, 144,  28, 162,  75],
    [ 75,  76, 144,  28, 162],
    [162,  75,  76, 144,  28]], order=2^8)
===================================
Comparing to photon_5x5
- beats xtime_enc: 40 vs 52
