xor_enc: 30
xtime_enc: 55
=========
xor_dec: 110
xtime_dec: 155
=========
xor_sum: 140
xtime_sum: 210
mat:
GF([[ 1,  9, 10,  8,  4],
    [ 4,  1,  9, 10,  8],
    [ 8,  4,  1,  9, 10],
    [10,  8,  4,  1,  9],
    [ 9, 10,  8,  4,  1]], order=2^8)
inv:
GF([[ 45, 221, 133,  59, 171],
    [171,  45, 221, 133,  59],
    [ 59, 171,  45, 221, 133],
    [133,  59, 171,  45, 221],
    [221, 133,  59, 171,  45]], order=2^8)
===================================
Comparing to photon_5x5
- beats xor_enc: 30 vs 44
