xor_enc: 35
xtime_enc: 60
=========
xor_dec: 125
xtime_dec: 160
=========
xor_sum: 160
xtime_sum: 220
mat:
GF([[ 1,  8,  9,  9, 10],
    [10,  1,  8,  9,  9],
    [ 9, 10,  1,  8,  9],
    [ 9,  9, 10,  1,  8],
    [ 8,  9,  9, 10,  1]], order=2^8)
inv:
GF([[229,  95, 237,  47, 142],
    [142, 229,  95, 237,  47],
    [ 47, 142, 229,  95, 237],
    [237,  47, 142, 229,  95],
    [ 95, 237,  47, 142, 229]], order=2^8)
===================================
Comparing to photon_5x5
- beats xor_enc: 35 vs 44
