xor_enc: 40
xtime_enc: 55
=========
xor_dec: 105
xtime_dec: 150
=========
xor_sum: 145
xtime_sum: 205
mat:
GF([[ 2, 10,  5,  9,  6],
    [ 6,  2, 10,  5,  9],
    [ 9,  6,  2, 10,  5],
    [ 5,  9,  6,  2, 10],
    [10,  5,  9,  6,  2]], order=2^8)
inv:
GF([[ 43, 198, 171, 214,  29],
    [ 29,  43, 198, 171, 214],
    [214,  29,  43, 198, 171],
    [171, 214,  29,  43, 198],
    [198, 171, 214,  29,  43]], order=2^8)
===================================
Comparing to photon_5x5
- beats xor_enc: 40 vs 44
