xor_enc: 56
xtime_enc: 42
=========
xor_dec: 196
xtime_dec: 315
=========
xor_sum: 252
xtime_sum: 357
mat:
GF([[4, 3, 1, 2, 2, 1, 3],
    [3, 4, 3, 1, 2, 2, 1],
    [1, 3, 4, 3, 1, 2, 2],
    [2, 1, 3, 4, 3, 1, 2],
    [2, 2, 1, 3, 4, 3, 1],
    [1, 2, 2, 1, 3, 4, 3],
    [3, 1, 2, 2, 1, 3, 4]], order=2^8)
inv:
GF([[203,  81,  97, 238, 238,  97,  81],
    [ 81, 203,  81,  97, 238, 238,  97],
    [ 97,  81, 203,  81,  97, 238, 238],
    [238,  97,  81, 203,  81,  97, 238],
    [238, 238,  97,  81, 203,  81,  97],
    [ 97, 238, 238,  97,  81, 203,  81],
    [ 81,  97, 238, 238,  97,  81, 203]], order=2^8)