xor_enc: 56
xtime_enc: 49
=========
xor_dec: 203
xtime_dec: 343
=========
xor_sum: 259
xtime_sum: 392
mat:
GF([[1, 4, 2, 4, 1, 3, 3],
    [3, 1, 4, 2, 4, 1, 3],
    [3, 3, 1, 4, 2, 4, 1],
    [1, 3, 3, 1, 4, 2, 4],
    [4, 1, 3, 3, 1, 4, 2],
    [2, 4, 1, 3, 3, 1, 4],
    [4, 2, 4, 1, 3, 3, 1]], order=2^8)
inv:
GF([[137, 209, 209, 137, 238, 141, 238],
    [238, 137, 209, 209, 137, 238, 141],
    [141, 238, 137, 209, 209, 137, 238],
    [238, 141, 238, 137, 209, 209, 137],
    [137, 238, 141, 238, 137, 209, 209],
    [209, 137, 238, 141, 238, 137, 209],
    [209, 209, 137, 238, 141, 238, 137]], order=2^8)