xor_enc: 45
xtime_enc: 49
=========
xor_dec: 108
xtime_dec: 156
=========
xor_sum: 153
xtime_sum: 205
mat:
GF([[  1,   1,   2,   3,  63],
    [ 14,   3,   2,  15,   1],
    [  1,  12,  10,  11,  13],
    [139,   8,   3,   5,   2],
    [  2,   9,   9,   2,   1]], order=2^8)
inv:
GF([[243,  97, 254, 229, 252],
    [ 67, 183, 233, 156, 229],
    [180,  21, 246,  69,  95],
    [252,  30,  69, 250,  45],
    [ 16,  59, 138, 117, 165]], order=2^8)
===================================
Comparing to photon_5x5
- beats xtime_enc: 49 vs 52
