xor_enc: 43
xtime_enc: 54
=========
xor_dec: 100
xtime_dec: 147
=========
xor_sum: 143
xtime_sum: 201
mat:
GF([[ 1,  2,  9,  9,  2],
    [ 2,  5,  3,  8, 13],
    [13, 11, 10, 12,  1],
    [ 1, 37,  2,  3, 14],
    [14, 14,  8,  5, 12]], order=2^8)
inv:
GF([[203,  60, 145, 212,  63],
    [213,  47,  74,  46,  31],
    [247,  22, 180, 204, 201],
    [ 60,  43,  36,  24, 247],
    [ 89,  86, 177,  83, 106]], order=2^8)
===================================
Comparing to photon_5x5
- beats xor_enc: 43 vs 44
