xor_enc: 43
xtime_enc: 53
=========
xor_dec: 96
xtime_dec: 155
=========
xor_sum: 139
xtime_sum: 208
mat:
GF([[184,   2,   9,   9,   2],
    [  2,   5,   3,   8,  13],
    [ 13,  11,  10,  12,   1],
    [  1,  15,   2,   3,  14],
    [  2,   9,   9,   2,   1]], order=2^8)
inv:
GF([[ 79, 209, 174,  92,  95],
    [ 85, 147,  99, 215, 242],
    [102, 196, 168,  81, 164],
    [206,  43, 220,  54, 128],
    [169,  54,  45,  14, 116]], order=2^8)
===================================
Comparing to photon_5x5
- beats xor_enc: 43 vs 44
