xor_enc: 44
xtime_enc: 48
=========
xor_dec: 91
xtime_dec: 146
=========
xor_sum: 135
xtime_sum: 194
mat:
GF([[  1,   1,   3,   6,   2],
    [  2,   1,   1,   8,  13],
    [ 13,  11,  10,  12,   1],
    [  1,  15,   2,   3,  14],
    [223,   9,  80,   2,   1]], order=2^8)
inv:
GF([[211,  34, 123, 255, 234],
    [130,   4, 132, 215, 137],
    [105,  42,  45,  89,   5],
    [ 69, 235, 129,  78, 129],
    [ 55,  10, 220,  62, 174]], order=2^8)
===================================
Comparing to photon_5x5
- beats xtime_enc: 48 vs 52
