xor_enc: 56
xtime_enc: 49
=========
xor_dec: 217
xtime_dec: 329
=========
xor_sum: 273
xtime_sum: 378
mat:
GF([[4, 1, 2, 1, 4, 3, 3],
    [3, 4, 1, 2, 1, 4, 3],
    [3, 3, 4, 1, 2, 1, 4],
    [4, 3, 3, 4, 1, 2, 1],
    [1, 4, 3, 3, 4, 1, 2],
    [2, 1, 4, 3, 3, 4, 1],
    [1, 2, 1, 4, 3, 3, 4]], order=2^8)
inv:
GF([[ 89, 209, 209,  89, 252, 141, 252],
    [252,  89, 209, 209,  89, 252, 141],
    [141, 252,  89, 209, 209,  89, 252],
    [252, 141, 252,  89, 209, 209,  89],
    [ 89, 252, 141, 252,  89, 209, 209],
    [209,  89, 252, 141, 252,  89, 209],
    [209, 209,  89, 252, 141, 252,  89]], order=2^8)