xor_enc: 56
xtime_enc: 49
=========
xor_dec: 217
xtime_dec: 329
=========
xor_sum: 273
xtime_sum: 378
mat:
GF([[1, 4, 4, 1, 3, 2, 3],
    [3, 1, 4, 4, 1, 3, 2],
    [2, 3, 1, 4, 4, 1, 3],
    [3, 2, 3, 1, 4, 4, 1],
    [1, 3, 2, 3, 1, 4, 4],
    [4, 1, 3, 2, 3, 1, 4],
    [4, 4, 1, 3, 2, 3, 1]], order=2^8)
inv:
GF([[252, 209, 141, 209, 252,  89,  89],
    [ 89, 252, 209, 141, 209, 252,  89],
    [ 89,  89, 252, 209, 141, 209, 252],
    [252,  89,  89, 252, 209, 141, 209],
    [209, 252,  89,  89, 252, 209, 141],
    [141, 209, 252,  89,  89, 252, 209],
    [209, 141, 209, 252,  89,  89, 252]], order=2^8)